create_cell(0.19635, 0.19635, 0.19635, 0.19635, 32645200.0);
create_cell(0.638136, 0.245437, 0.147262, 0.0490874, 1760.82);
create_cell(0.711767, 0.220893, 0.122718, 0.0245437, 564.411);
create_cell(0.613592, 0.319068, 0.122718, 0.0245437, 1217.0);
create_cell(0.613592, 0.319068, 0.171806, 0.0245437, 1460.69);
create_cell(0.638136, 0.147262, 0.245437, 0.0490874, 1097.27);
create_cell(0.711767, 0.122718, 0.269981, 0.0245437, 1244.13);
create_cell(0.736311, 0.0490874, 0.343612, 0.0490874, 463.459);
create_cell(0.638136, 0.147262, 0.343612, 0.0490874, 1462.38);
create_cell(0.711767, 0.122718, 0.319068, 0.0245437, 1141.9);
create_cell(0.711767, 0.122718, 0.368155, 0.0245437, 2070.15);
create_cell(0.490874, 0.294524, 0.294524, 0.0981748, 613.767);
create_cell(0.638136, 0.245437, 0.245437, 0.0490874, 1453.36);
create_cell(0.711767, 0.220893, 0.220893, 0.0245437, 702.001);
create_cell(0.613592, 0.319068, 0.220893, 0.0245437, 1983.43);
create_cell(0.613592, 0.319068, 0.368155, 0.0245437, 815.853);
create_cell(0.294524, 0.687223, 0.0981748, 0.0981748, 498.757);
create_cell(0.0981748, 0.490874, 0.294524, 0.0981748, 87054500.0);
create_cell(0.0981748, 0.687223, 0.294524, 0.0981748, 87054700.0);
create_cell(0.245437, 0.638136, 0.245437, 0.0490874, 622.063);
create_cell(0.343612, 0.638136, 0.245437, 0.0490874, 984.268);
create_cell(0.245437, 0.736311, 0.245437, 0.0490874, 5452.32);
create_cell(0.319068, 0.711767, 0.220893, 0.0245437, 1824.53);
create_cell(0.319068, 0.711767, 0.269981, 0.0245437, 6353.38);
create_cell(0.245437, 0.638136, 0.343612, 0.0490874, 680.745);
create_cell(0.343612, 0.638136, 0.343612, 0.0490874, 987.477);
create_cell(0.245437, 0.736311, 0.343612, 0.0490874, 2871.53);
create_cell(0.319068, 0.711767, 0.319068, 0.0245437, 7195.39);
create_cell(0.319068, 0.711767, 0.368155, 0.0245437, 896.275);
create_cell(0.515418, 0.515418, 0.0245437, 0.0245437, 1825.98);
create_cell(0.515418, 0.515418, 0.0736311, 0.0245437, 1665.62);
create_cell(0.441786, 0.441786, 0.147262, 0.0490874, 1658.84);
create_cell(0.441786, 0.539961, 0.147262, 0.0490874, 2618.7);
create_cell(0.515418, 0.515418, 0.122718, 0.0245437, 4040.51);
create_cell(0.515418, 0.515418, 0.171806, 0.0245437, 1928.2);
create_cell(0.613592, 0.417243, 0.0245437, 0.0245437, 1582.29);
create_cell(0.613592, 0.417243, 0.122718, 0.0245437, 518.871);
create_cell(0.441786, 0.638136, 0.0490874, 0.0490874, 407.563);
create_cell(0.417243, 0.613592, 0.122718, 0.0245437, 15963.9);
create_cell(0.417243, 0.613592, 0.171806, 0.0245437, 4887.85);
create_cell(0.441786, 0.539961, 0.245437, 0.0490874, 629.694);
create_cell(0.515418, 0.515418, 0.220893, 0.0245437, 2150.58);
create_cell(0.441786, 0.441786, 0.343612, 0.0490874, 1815.02);
create_cell(0.417243, 0.564505, 0.319068, 0.0245437, 5437.73);
create_cell(0.417243, 0.613592, 0.220893, 0.0245437, 6733.69);
create_cell(0.417243, 0.613592, 0.319068, 0.0245437, 5725.5);
create_cell(0.19635, 0.19635, 0.589049, 0.19635, 21763600.0);
create_cell(0.736311, 0.0490874, 0.441786, 0.0490874, 410.288);
create_cell(0.638136, 0.147262, 0.441786, 0.0490874, 1835.06);
create_cell(0.711767, 0.122718, 0.417243, 0.0245437, 2760.04);
create_cell(0.638136, 0.0490874, 0.539961, 0.0490874, 831.295);
create_cell(0.711767, 0.0736311, 0.515418, 0.0245437, 3818.13);
create_cell(0.638136, 0.147262, 0.539961, 0.0490874, 1336.3);
create_cell(0.441786, 0.343612, 0.441786, 0.0490874, 5030.83);
create_cell(0.539961, 0.343612, 0.441786, 0.0490874, 762.561);
create_cell(0.441786, 0.245437, 0.539961, 0.0490874, 845.527);
create_cell(0.539961, 0.245437, 0.539961, 0.0490874, 1318.07);
create_cell(0.441786, 0.343612, 0.539961, 0.0490874, 6624.2);
create_cell(0.515418, 0.319068, 0.515418, 0.0245437, 2815.76);
create_cell(0.515418, 0.368155, 0.515418, 0.0245437, 1283.85);
create_cell(0.515418, 0.319068, 0.564505, 0.0245437, 10733.0);
create_cell(0.613592, 0.220893, 0.417243, 0.0245437, 1729.57);
create_cell(0.613592, 0.269981, 0.417243, 0.0245437, 3060.42);
create_cell(0.613592, 0.220893, 0.46633, 0.0245437, 5849.04);
create_cell(0.613592, 0.319068, 0.417243, 0.0245437, 4165.02);
create_cell(0.613592, 0.220893, 0.515418, 0.0245437, 6864.5);
create_cell(0.613592, 0.220893, 0.564505, 0.0245437, 577.007);
create_cell(0.490874, 0.0981748, 0.687223, 0.0981748, 485.018);
create_cell(0.638136, 0.0490874, 0.638136, 0.0490874, 1089.28);
create_cell(0.613592, 0.122718, 0.613592, 0.0245437, 10979.6);
create_cell(0.638136, 0.0490874, 0.736311, 0.0490874, 1049.85);
create_cell(0.441786, 0.245437, 0.638136, 0.0490874, 846.011);
create_cell(0.441786, 0.343612, 0.638136, 0.0490874, 8122.61);
create_cell(0.515418, 0.319068, 0.613592, 0.0245437, 11519.8);
create_cell(0.515418, 0.319068, 0.66268, 0.0245437, 845.89);
create_cell(0.441786, 0.245437, 0.736311, 0.0490874, 1018.0);
create_cell(0.515418, 0.269981, 0.711767, 0.0245437, 542.125);
create_cell(0.417243, 0.368155, 0.711767, 0.0245437, 34245.5);
create_cell(0.417243, 0.368155, 0.760854, 0.0245437, 34231.4);
create_cell(0.294524, 0.490874, 0.490874, 0.0981748, 1470.22);
create_cell(0.319068, 0.613592, 0.417243, 0.0245437, 7892.07);
create_cell(0.319068, 0.613592, 0.46633, 0.0245437, 8326.15);
create_cell(0.245437, 0.736311, 0.441786, 0.0490874, 1210.33);
create_cell(0.245437, 0.638136, 0.539961, 0.0490874, 10351.0);
create_cell(0.319068, 0.613592, 0.515418, 0.0245437, 8520.43);
create_cell(0.319068, 0.613592, 0.564505, 0.0245437, 29113.0);
create_cell(0.245437, 0.736311, 0.539961, 0.0490874, 13449.5);
create_cell(0.245437, 0.539961, 0.638136, 0.0490874, 805.86);
create_cell(0.245437, 0.441786, 0.736311, 0.0490874, 696441000.0);
create_cell(0.343612, 0.441786, 0.736311, 0.0490874, 696443000.0);
create_cell(0.245437, 0.638136, 0.638136, 0.0490874, 1459.23);
create_cell(0.319068, 0.613592, 0.613592, 0.0245437, 29359.1);
create_cell(0.319068, 0.613592, 0.66268, 0.0245437, 29461.3);
create_cell(0.245437, 0.736311, 0.638136, 0.0490874, 4487.31);
create_cell(0.245437, 0.638136, 0.736311, 0.0490874, 742.758);
create_cell(0.319068, 0.613592, 0.711767, 0.0245437, 29710.3);
create_cell(0.319068, 0.613592, 0.760854, 0.0245437, 29770.9);
create_cell(0.441786, 0.441786, 0.441786, 0.0490874, 2975.57);
create_cell(0.515418, 0.417243, 0.417243, 0.0245437, 495.616);
create_cell(0.515418, 0.417243, 0.46633, 0.0245437, 5603.9);
create_cell(0.417243, 0.515418, 0.417243, 0.0245437, 907.418);
create_cell(0.417243, 0.417243, 0.564505, 0.0245437, 18323.7);
create_cell(0.417243, 0.46633, 0.564505, 0.0245437, 477.206);
create_cell(0.417243, 0.417243, 0.613592, 0.0245437, 8519.94);
create_cell(0.417243, 0.46633, 0.613592, 0.0245437, 546.486);
create_cell(0.417243, 0.417243, 0.66268, 0.0245437, 24988.2);
create_cell(0.417243, 0.417243, 0.711767, 0.0245437, 25624.3);
create_cell(0.809942, 0.0245437, 0.220893, 0.0245437, 842.983);
create_cell(0.809942, 0.0736311, 0.220893, 0.0245437, 443.293);
create_cell(1.44808, 0.0736311, 0.0736311, 0.0245437, 5068.56);
create_cell(1.44808, 0.122718, 0.0245437, 0.0245437, 625.939);
create_cell(1.39899, 0.171806, 0.0245437, 0.0245437, 1548.86);
create_cell(1.44808, 0.171806, 0.0245437, 0.0245437, 1243.16);
create_cell(1.44808, 0.122718, 0.0736311, 0.0245437, 5685.78);
create_cell(1.39899, 0.171806, 0.0736311, 0.0245437, 6599.98);
create_cell(1.44808, 0.171806, 0.0736311, 0.0245437, 6297.18);
create_cell(1.49717, 0.0245437, 0.122718, 0.0245437, 969.431);
create_cell(1.54625, 0.0245437, 0.122718, 0.0245437, 643.38);
create_cell(1.49717, 0.0245437, 0.171806, 0.0245437, 649.194);
create_cell(1.44808, 0.122718, 0.122718, 0.0245437, 625.939);
create_cell(1.39899, 0.171806, 0.122718, 0.0245437, 1240.25);
create_cell(1.44808, 0.171806, 0.122718, 0.0245437, 934.549);
create_cell(1.44808, 0.122718, 0.171806, 0.0245437, 631.753);
create_cell(1.39899, 0.171806, 0.171806, 0.0245437, 9286.86);
create_cell(1.44808, 0.171806, 0.171806, 0.0245437, 943.269);
create_cell(1.3499, 0.269981, 0.0245437, 0.0245437, 3051.21);
create_cell(1.3499, 0.269981, 0.0736311, 0.0245437, 7790.81);
create_cell(1.3499, 0.319068, 0.0245437, 0.0245437, 3345.29);
create_cell(1.30082, 0.368155, 0.0245437, 0.0245437, 3924.72);
create_cell(1.3499, 0.368155, 0.0245437, 0.0245437, 3636.45);
create_cell(1.3499, 0.319068, 0.0736311, 0.0245437, 8081.98);
create_cell(1.30082, 0.368155, 0.0736311, 0.0245437, 28438.6);
create_cell(1.3499, 0.368155, 0.0736311, 0.0245437, 8370.24);
create_cell(1.3499, 0.269981, 0.122718, 0.0245437, 2442.71);
create_cell(1.3499, 0.269981, 0.171806, 0.0245437, 10195.3);
create_cell(1.30082, 0.319068, 0.122718, 0.0245437, 18047.6);
create_cell(1.3499, 0.319068, 0.122718, 0.0245437, 2736.79);
create_cell(1.30082, 0.368155, 0.122718, 0.0245437, 19497.6);
create_cell(1.30082, 0.319068, 0.171806, 0.0245437, 14728.5);
create_cell(1.3499, 0.319068, 0.171806, 0.0245437, 10492.2);
create_cell(1.30082, 0.368155, 0.171806, 0.0245437, 585.243);
create_cell(1.39899, 0.220893, 0.0245437, 0.0245437, 2154.45);
create_cell(1.39899, 0.269981, 0.0245437, 0.0245437, 2754.23);
create_cell(1.39899, 0.220893, 0.0736311, 0.0245437, 7199.75);
create_cell(1.39899, 0.269981, 0.0736311, 0.0245437, 7496.74);
create_cell(1.39899, 0.220893, 0.122718, 0.0245437, 1845.84);
create_cell(1.39899, 0.269981, 0.122718, 0.0245437, 2145.73);
create_cell(1.39899, 0.220893, 0.171806, 0.0245437, 9592.57);
create_cell(1.39899, 0.269981, 0.171806, 0.0245437, 9895.36);
create_cell(1.44808, 0.122718, 0.220893, 0.0245437, 637.567);
create_cell(1.39899, 0.171806, 0.220893, 0.0245437, 7726.38);
create_cell(1.44808, 0.171806, 0.220893, 0.0245437, 951.99);
create_cell(1.39899, 0.122718, 0.269981, 0.0245437, 5205.18);
create_cell(1.44808, 0.122718, 0.269981, 0.0245437, 643.38);
create_cell(1.39899, 0.171806, 0.269981, 0.0245437, 6151.35);
create_cell(1.44808, 0.0245437, 0.319068, 0.0245437, 1333.27);
create_cell(1.44808, 0.0736311, 0.319068, 0.0245437, 2314.33);
create_cell(1.44808, 0.0245437, 0.368155, 0.0245437, 1004.31);
create_cell(1.39899, 0.122718, 0.319068, 0.0245437, 3927.14);
create_cell(1.44808, 0.122718, 0.319068, 0.0245437, 2637.47);
create_cell(1.39899, 0.122718, 0.368155, 0.0245437, 649.194);
create_cell(1.3499, 0.220893, 0.220893, 0.0245437, 1240.25);
create_cell(1.3499, 0.269981, 0.220893, 0.0245437, 2151.54);
create_cell(1.3499, 0.220893, 0.269981, 0.0245437, 934.549);
create_cell(1.30082, 0.319068, 0.220893, 0.0245437, 3648.08);
create_cell(1.3499, 0.319068, 0.220893, 0.0245437, 2451.43);
create_cell(1.30082, 0.319068, 0.269981, 0.0245437, 602.685);
create_cell(1.3499, 0.220893, 0.319068, 0.0245437, 625.939);
create_cell(1.15355, 0.564505, 0.171806, 0.0245437, 41370.1);
create_cell(1.10447, 0.66268, 0.0736311, 0.0245437, 44122.4);
create_cell(1.05538, 0.760854, 0.0736311, 0.0245437, 46152.8);
create_cell(1.10447, 0.711767, 0.0245437, 0.0245437, 742.697);
create_cell(1.15355, 0.711767, 0.0245437, 0.0245437, 498.038);
create_cell(1.10447, 0.711767, 0.0736311, 0.0245437, 45038.6);
create_cell(1.10447, 0.760854, 0.0736311, 0.0245437, 45826.3);
create_cell(1.15355, 0.613592, 0.122718, 0.0245437, 42136.1);
create_cell(1.10447, 0.66268, 0.122718, 0.0245437, 43385.5);
create_cell(1.15355, 0.66268, 0.122718, 0.0245437, 42386.5);
create_cell(1.15355, 0.613592, 0.171806, 0.0245437, 41882.7);
create_cell(1.10447, 0.66268, 0.171806, 0.0245437, 503.852);
create_cell(1.05538, 0.760854, 0.122718, 0.0245437, 33098.7);
create_cell(1.05538, 0.711767, 0.171806, 0.0245437, 505.79);
create_cell(1.05538, 0.760854, 0.171806, 0.0245437, 1197.13);
create_cell(1.15355, 0.564505, 0.220893, 0.0245437, 527.107);
create_cell(1.05538, 0.711767, 0.220893, 0.0245437, 486.411);
create_cell(1.25173, 0.46633, 0.0245437, 0.0245437, 5057.41);
create_cell(1.25173, 0.417243, 0.0736311, 0.0245437, 29000.6);
create_cell(1.25173, 0.46633, 0.0736311, 0.0245437, 29553.8);
create_cell(1.30082, 0.417243, 0.0245437, 0.0245437, 4495.43);
create_cell(1.30082, 0.46633, 0.0245437, 0.0245437, 4777.87);
create_cell(1.30082, 0.417243, 0.0736311, 0.0245437, 28721.0);
create_cell(1.20264, 0.515418, 0.0245437, 0.0245437, 5607.78);
create_cell(1.25173, 0.515418, 0.0245437, 0.0245437, 5334.05);
create_cell(1.20264, 0.515418, 0.0736311, 0.0245437, 35977.0);
create_cell(1.25173, 0.515418, 0.0736311, 0.0245437, 29827.6);
create_cell(1.20264, 0.564505, 0.0736311, 0.0245437, 538.734);
create_cell(1.25173, 0.417243, 0.122718, 0.0245437, 1123.98);
create_cell(1.25173, 0.46633, 0.122718, 0.0245437, 1948.07);
create_cell(1.25173, 0.417243, 0.171806, 0.0245437, 847.343);
create_cell(1.20264, 0.515418, 0.122718, 0.0245437, 38731.7);
create_cell(1.25173, 0.515418, 0.122718, 0.0245437, 2218.89);
create_cell(1.20264, 0.564505, 0.122718, 0.0245437, 803.741);
create_cell(1.20264, 0.515418, 0.171806, 0.0245437, 38996.7);
create_cell(1.20264, 0.564505, 0.171806, 0.0245437, 40324.6);
create_cell(1.25173, 0.417243, 0.220893, 0.0245437, 567.802);
create_cell(1.44808, 0.0245437, 0.417243, 0.0245437, 672.449);
create_cell(0.220893, 0.908117, 0.0245437, 0.0245437, 1173.88);
create_cell(0.220893, 0.957204, 0.0245437, 0.0245437, 1322.61);
create_cell(0.245437, 0.834486, 0.147262, 0.0490874, 1600.03);
create_cell(0.220893, 0.908117, 0.122718, 0.0245437, 1449.06);
create_cell(0.220893, 0.957204, 0.122718, 0.0245437, 1235.89);
create_cell(0.220893, 0.908117, 0.171806, 0.0245437, 803.256);
create_cell(0.220893, 1.00629, 0.0245437, 0.0245437, 1436.95);
create_cell(0.220893, 1.00629, 0.0736311, 0.0245437, 433.603);
create_cell(0.220893, 1.00629, 0.122718, 0.0245437, 1184.54);
create_cell(0.0981748, 0.883573, 0.294524, 0.0981748, 87055700.0);
create_cell(0.220893, 0.809942, 0.220893, 0.0245437, 14111.7);
create_cell(0.220893, 0.809942, 0.269981, 0.0245437, 39479.2);
create_cell(0.220893, 0.908117, 0.220893, 0.0245437, 1100.72);
create_cell(0.220893, 0.908117, 0.269981, 0.0245437, 1144.33);
create_cell(0.220893, 0.809942, 0.319068, 0.0245437, 2917.5);
create_cell(0.220893, 0.809942, 0.368155, 0.0245437, 19362.5);
create_cell(0.220893, 0.908117, 0.319068, 0.0245437, 1464.56);
create_cell(0.220893, 0.908117, 0.368155, 0.0245437, 1595.37);
create_cell(0.0981748, 1.07992, 0.294524, 0.0981748, 87055900.0);
create_cell(0.760854, 1.15355, 0.122718, 0.0245437, 2510.54);
create_cell(0.760854, 1.10447, 0.171806, 0.0245437, 18550.5);
create_cell(0.760854, 1.15355, 0.171806, 0.0245437, 18580.0);
create_cell(0.760854, 1.10447, 0.220893, 0.0245437, 664.697);
create_cell(0.711767, 1.15355, 0.220893, 0.0245437, 770.797);
create_cell(0.760854, 1.15355, 0.220893, 0.0245437, 581.368);
create_cell(0.760854, 1.10447, 0.269981, 0.0245437, 744.635);
create_cell(0.711767, 1.15355, 0.269981, 0.0245437, 1335.69);
create_cell(0.760854, 1.05538, 0.319068, 0.0245437, 2986.78);
create_cell(0.760854, 1.05538, 0.368155, 0.0245437, 2681.56);
create_cell(0.66268, 1.15355, 0.368155, 0.0245437, 3251.3);
create_cell(0.760854, 1.10447, 0.319068, 0.0245437, 1449.06);
create_cell(0.711767, 1.15355, 0.319068, 0.0245437, 1358.95);
create_cell(0.711767, 1.10447, 0.368155, 0.0245437, 1188.41);
create_cell(0.760854, 1.10447, 0.368155, 0.0245437, 505.305);
create_cell(0.711767, 1.15355, 0.368155, 0.0245437, 2757.62);
create_cell(0.122718, 1.25173, 0.0736311, 0.0245437, 428.274);
create_cell(0.122718, 1.30082, 0.0736311, 0.0245437, 515.479);
create_cell(0.122718, 1.3499, 0.0736311, 0.0245437, 883.679);
create_cell(0.122718, 1.20264, 0.171806, 0.0245437, 18139.2);
create_cell(0.122718, 1.25173, 0.171806, 0.0245437, 415.193);
create_cell(0.122718, 1.30082, 0.122718, 0.0245437, 471.392);
create_cell(0.122718, 1.3499, 0.122718, 0.0245437, 600.262);
create_cell(0.122718, 1.30082, 0.171806, 0.0245437, 468.485);
create_cell(0.122718, 1.39899, 0.0736311, 0.0245437, 828.449);
create_cell(0.122718, 1.44808, 0.0736311, 0.0245437, 1287.73);
create_cell(0.122718, 1.49717, 0.0736311, 0.0245437, 1190.35);
create_cell(0.122718, 1.39899, 0.122718, 0.0245437, 666.15);
create_cell(0.122718, 1.44808, 0.122718, 0.0245437, 1240.25);
create_cell(0.122718, 1.39899, 0.171806, 0.0245437, 466.548);
create_cell(0.122718, 1.44808, 0.171806, 0.0245437, 1848.75);
create_cell(0.147262, 1.52171, 0.147262, 0.0490874, 522.201);
create_cell(0.220893, 1.54625, 0.171806, 0.0245437, 2823.99);
create_cell(0.122718, 1.20264, 0.220893, 0.0245437, 17990.4);
create_cell(0.122718, 1.25173, 0.220893, 0.0245437, 18618.3);
create_cell(0.122718, 1.25173, 0.269981, 0.0245437, 787.753);
create_cell(0.0490874, 1.32536, 0.245437, 0.0490874, 633.691);
create_cell(0.122718, 1.30082, 0.220893, 0.0245437, 18657.5);
create_cell(0.122718, 1.3499, 0.220893, 0.0245437, 18754.4);
create_cell(0.122718, 1.30082, 0.269981, 0.0245437, 995.592);
create_cell(0.122718, 1.20264, 0.368155, 0.0245437, 5571540000.0);
create_cell(0.171806, 1.20264, 0.368155, 0.0245437, 42077.9);
create_cell(0.0490874, 1.42353, 0.245437, 0.0490874, 795.505);
create_cell(0.122718, 1.39899, 0.220893, 0.0245437, 18927.4);
create_cell(0.122718, 1.44808, 0.220893, 0.0245437, 20899.2);
create_cell(0.147262, 1.52171, 0.245437, 0.0490874, 3068.05);
create_cell(0.0490874, 1.42353, 0.343612, 0.0490874, 1290.64);
create_cell(0.147262, 1.42353, 0.343612, 0.0490874, 543.397);
create_cell(0.220893, 1.54625, 0.220893, 0.0245437, 23409.3);
create_cell(0.220893, 1.44808, 0.368155, 0.0245437, 2007.66);
create_cell(0.245437, 1.52171, 0.343612, 0.0490874, 435.965);
create_cell(0.343612, 1.52171, 0.343612, 0.0490874, 491.074);
create_cell(0.564505, 1.3499, 0.122718, 0.0245437, 2355.51);
create_cell(0.564505, 1.3499, 0.171806, 0.0245437, 762.561);
create_cell(0.711767, 1.25173, 0.0736311, 0.0245437, 529.529);
create_cell(0.66268, 1.3499, 0.0245437, 0.0245437, 476.722);
create_cell(0.66268, 1.30082, 0.0736311, 0.0245437, 1098.78);
create_cell(0.613592, 1.3499, 0.0736311, 0.0245437, 1310.5);
create_cell(0.66268, 1.3499, 0.0736311, 0.0245437, 1099.75);
create_cell(0.711767, 1.30082, 0.0736311, 0.0245437, 860.424);
create_cell(0.66268, 1.25173, 0.122718, 0.0245437, 2030.91);
create_cell(0.66268, 1.25173, 0.171806, 0.0245437, 18115.4);
create_cell(0.711767, 1.20264, 0.122718, 0.0245437, 2774.58);
create_cell(0.760854, 1.20264, 0.122718, 0.0245437, 2559.47);
create_cell(0.711767, 1.25173, 0.122718, 0.0245437, 3067.68);
create_cell(0.711767, 1.20264, 0.171806, 0.0245437, 17824.2);
create_cell(0.760854, 1.20264, 0.171806, 0.0245437, 17716.7);
create_cell(0.711767, 1.25173, 0.171806, 0.0245437, 17929.9);
create_cell(0.613592, 1.30082, 0.122718, 0.0245437, 2522.17);
create_cell(0.66268, 1.30082, 0.122718, 0.0245437, 4149.51);
create_cell(0.613592, 1.3499, 0.122718, 0.0245437, 4779.81);
create_cell(0.66268, 1.3499, 0.122718, 0.0245437, 1856.02);
create_cell(0.613592, 1.30082, 0.171806, 0.0245437, 18477.8);
create_cell(0.66268, 1.30082, 0.171806, 0.0245437, 18298.1);
create_cell(0.613592, 1.3499, 0.171806, 0.0245437, 18654.6);
create_cell(0.711767, 1.30082, 0.122718, 0.0245437, 1222.33);
create_cell(0.564505, 1.39899, 0.0245437, 0.0245437, 455.889);
create_cell(0.564505, 1.39899, 0.0736311, 0.0245437, 1035.8);
create_cell(0.564505, 1.44808, 0.0736311, 0.0245437, 524.684);
create_cell(0.46633, 1.54625, 0.0245437, 0.0245437, 555.206);
create_cell(0.515418, 1.49717, 0.0736311, 0.0245437, 425.852);
create_cell(0.46633, 1.44808, 0.171806, 0.0245437, 25468.3);
create_cell(0.539961, 1.42353, 0.147262, 0.0490874, 3522.85);
create_cell(0.515418, 1.49717, 0.122718, 0.0245437, 808.101);
create_cell(0.613592, 1.39899, 0.0245437, 0.0245437, 589.604);
create_cell(0.613592, 1.39899, 0.0736311, 0.0245437, 1749.92);
create_cell(0.613592, 1.39899, 0.122718, 0.0245437, 4116.08);
create_cell(0.613592, 1.39899, 0.171806, 0.0245437, 18066.0);
create_cell(0.564505, 1.3499, 0.220893, 0.0245437, 919.53);
create_cell(0.564505, 1.30082, 0.269981, 0.0245437, 504.821);
create_cell(0.564505, 1.3499, 0.269981, 0.0245437, 996.561);
create_cell(0.564505, 1.30082, 0.319068, 0.0245437, 604.622);
create_cell(0.515418, 1.3499, 0.319068, 0.0245437, 1051.79);
create_cell(0.564505, 1.3499, 0.319068, 0.0245437, 1631.22);
create_cell(0.564505, 1.30082, 0.368155, 0.0245437, 1181.15);
create_cell(0.515418, 1.3499, 0.368155, 0.0245437, 1405.46);
create_cell(0.564505, 1.3499, 0.368155, 0.0245437, 2033.82);
create_cell(0.66268, 1.25173, 0.220893, 0.0245437, 448.622);
create_cell(0.66268, 1.20264, 0.269981, 0.0245437, 449.591);
create_cell(0.613592, 1.30082, 0.220893, 0.0245437, 698.126);
create_cell(0.613592, 1.3499, 0.220893, 0.0245437, 510.635);
create_cell(0.66268, 1.20264, 0.319068, 0.0245437, 630.299);
create_cell(0.613592, 1.25173, 0.319068, 0.0245437, 1173.39);
create_cell(0.66268, 1.25173, 0.319068, 0.0245437, 553.753);
create_cell(0.66268, 1.20264, 0.368155, 0.0245437, 1261.57);
create_cell(0.613592, 1.25173, 0.368155, 0.0245437, 1928.69);
create_cell(0.66268, 1.25173, 0.368155, 0.0245437, 867.207);
create_cell(0.613592, 1.30082, 0.319068, 0.0245437, 668.573);
create_cell(0.613592, 1.30082, 0.368155, 0.0245437, 963.132);
create_cell(0.46633, 1.39899, 0.220893, 0.0245437, 587.181);
create_cell(0.46633, 1.44808, 0.220893, 0.0245437, 31592.0);
create_cell(0.46633, 1.44808, 0.269981, 0.0245437, 622.548);
create_cell(0.515418, 1.39899, 0.220893, 0.0245437, 468.001);
create_cell(0.564505, 1.39899, 0.220893, 0.0245437, 1090.55);
create_cell(0.515418, 1.44808, 0.220893, 0.0245437, 5049.66);
create_cell(0.564505, 1.44808, 0.220893, 0.0245437, 790.66);
create_cell(0.515418, 1.44808, 0.269981, 0.0245437, 460.249);
create_cell(0.441786, 1.52171, 0.245437, 0.0490874, 4606.85);
create_cell(0.441786, 1.42353, 0.343612, 0.0490874, 459.341);
create_cell(0.515418, 1.39899, 0.319068, 0.0245437, 1425.32);
create_cell(0.515418, 1.39899, 0.368155, 0.0245437, 1237.34);
create_cell(0.417243, 1.49717, 0.368155, 0.0245437, 5170.3);
create_cell(0.417243, 1.54625, 0.368155, 0.0245437, 9319.81);
create_cell(0.0981748, 0.883573, 0.490874, 0.0981748, 624.584);
create_cell(0.220893, 0.809942, 0.417243, 0.0245437, 17375.1);
create_cell(0.220893, 0.859029, 0.417243, 0.0245437, 443.777);
create_cell(0.220893, 0.809942, 0.46633, 0.0245437, 3163.12);
create_cell(0.220893, 0.859029, 0.46633, 0.0245437, 465.094);
create_cell(0.220893, 0.908117, 0.417243, 0.0245437, 1781.89);
create_cell(0.220893, 0.908117, 0.46633, 0.0245437, 2022.19);
create_cell(0.220893, 0.809942, 0.515418, 0.0245437, 3237.25);
create_cell(0.220893, 0.859029, 0.515418, 0.0245437, 699.579);
create_cell(0.220893, 0.809942, 0.564505, 0.0245437, 85814.7);
create_cell(0.220893, 0.859029, 0.564505, 0.0245437, 98574.8);
create_cell(0.220893, 0.908117, 0.515418, 0.0245437, 2130.71);
create_cell(0.220893, 0.957204, 0.515418, 0.0245437, 983.48);
create_cell(0.220893, 0.908117, 0.564505, 0.0245437, 84627.8);
create_cell(0.220893, 0.957204, 0.564505, 0.0245437, 84165.1);
create_cell(0.0981748, 1.07992, 0.490874, 0.0981748, 734.817);
create_cell(0.220893, 1.00629, 0.564505, 0.0245437, 84118.6);
create_cell(0.220893, 1.05538, 0.564505, 0.0245437, 98872.2);
create_cell(0.220893, 1.10447, 0.564505, 0.0245437, 83760.5);
create_cell(0.220893, 1.15355, 0.564505, 0.0245437, 111704.0);
create_cell(0.220893, 0.809942, 0.613592, 0.0245437, 3440.24);
create_cell(0.220893, 0.859029, 0.613592, 0.0245437, 15968.7);
create_cell(0.220893, 0.809942, 0.66268, 0.0245437, 40844.0);
create_cell(0.220893, 0.859029, 0.66268, 0.0245437, 15824.8);
create_cell(0.220893, 0.908117, 0.613592, 0.0245437, 1946.61);
create_cell(0.220893, 0.957204, 0.613592, 0.0245437, 520.809);
create_cell(0.220893, 0.908117, 0.66268, 0.0245437, 1922.87);
create_cell(0.245437, 0.834486, 0.736311, 0.0490874, 7632.75);
create_cell(0.245437, 0.93266, 0.736311, 0.0490874, 2319.84);
create_cell(0.220893, 1.00629, 0.613592, 0.0245437, 1247.03);
create_cell(0.220893, 1.05538, 0.613592, 0.0245437, 15707.1);
create_cell(0.220893, 1.00629, 0.66268, 0.0245437, 1356.52);
create_cell(0.220893, 1.05538, 0.66268, 0.0245437, 15663.0);
create_cell(0.220893, 1.15355, 0.613592, 0.0245437, 28100.4);
create_cell(0.245437, 1.03084, 0.736311, 0.0490874, 4283.47);
create_cell(0.245437, 1.12901, 0.736311, 0.0490874, 3373.57);
create_cell(0.319068, 1.15355, 0.711767, 0.0245437, 21849.7);
create_cell(0.319068, 1.15355, 0.760854, 0.0245437, 5952.72);
create_cell(0.368155, 1.15355, 0.760854, 0.0245437, 2566.74);
create_cell(0.760854, 0.957204, 0.564505, 0.0245437, 41172.9);
create_cell(0.564505, 1.15355, 0.564505, 0.0245437, 468.001);
create_cell(0.760854, 1.05538, 0.417243, 0.0245437, 2701.91);
create_cell(0.760854, 1.05538, 0.46633, 0.0245437, 2829.81);
create_cell(0.66268, 1.15355, 0.417243, 0.0245437, 2866.14);
create_cell(0.66268, 1.10447, 0.46633, 0.0245437, 1921.42);
create_cell(0.66268, 1.15355, 0.46633, 0.0245437, 2960.61);
create_cell(0.711767, 1.10447, 0.46633, 0.0245437, 412.771);
create_cell(0.711767, 1.05538, 0.515418, 0.0245437, 3258.57);
create_cell(0.760854, 1.05538, 0.515418, 0.0245437, 2955.77);
create_cell(0.711767, 1.00629, 0.564505, 0.0245437, 3674.24);
create_cell(0.711767, 1.05538, 0.564505, 0.0245437, 3434.43);
create_cell(0.66268, 1.10447, 0.515418, 0.0245437, 2095.35);
create_cell(0.613592, 1.15355, 0.515418, 0.0245437, 484.958);
create_cell(0.66268, 1.15355, 0.515418, 0.0245437, 2212.59);
create_cell(0.66268, 1.10447, 0.564505, 0.0245437, 2405.89);
create_cell(0.613592, 1.15355, 0.564505, 0.0245437, 440.87);
create_cell(0.66268, 1.15355, 0.564505, 0.0245437, 2017.83);
create_cell(0.760854, 0.957204, 0.613592, 0.0245437, 41419.1);
create_cell(0.760854, 0.957204, 0.66268, 0.0245437, 40715.6);
create_cell(0.711767, 0.957204, 0.711767, 0.0245437, 26440.1);
create_cell(0.760854, 0.957204, 0.711767, 0.0245437, 40934.6);
create_cell(0.711767, 0.957204, 0.760854, 0.0245437, 45281.8);
create_cell(0.760854, 0.957204, 0.760854, 0.0245437, 18446.8);
create_cell(0.564505, 1.15355, 0.613592, 0.0245437, 826.027);
create_cell(0.564505, 1.15355, 0.66268, 0.0245437, 495.131);
create_cell(0.417243, 1.15355, 0.760854, 0.0245437, 3712.52);
create_cell(0.564505, 1.15355, 0.711767, 0.0245437, 4057.46);
create_cell(0.564505, 1.10447, 0.760854, 0.0245437, 577.976);
create_cell(0.515418, 1.15355, 0.760854, 0.0245437, 4390.78);
create_cell(0.564505, 1.15355, 0.760854, 0.0245437, 1165.16);
create_cell(0.66268, 1.05538, 0.613592, 0.0245437, 2354.05);
create_cell(0.66268, 1.00629, 0.66268, 0.0245437, 1248.97);
create_cell(0.66268, 1.05538, 0.66268, 0.0245437, 2971.76);
create_cell(0.711767, 1.00629, 0.613592, 0.0245437, 4824.38);
create_cell(0.760854, 1.00629, 0.613592, 0.0245437, 876.412);
create_cell(0.711767, 1.00629, 0.66268, 0.0245437, 4993.46);
create_cell(0.613592, 1.10447, 0.613592, 0.0245437, 660.337);
create_cell(0.66268, 1.10447, 0.613592, 0.0245437, 2590.48);
create_cell(0.613592, 1.15355, 0.613592, 0.0245437, 2905.87);
create_cell(0.66268, 1.15355, 0.613592, 0.0245437, 1990.7);
create_cell(0.613592, 1.15355, 0.66268, 0.0245437, 3147.62);
create_cell(0.66268, 1.00629, 0.711767, 0.0245437, 1804.66);
create_cell(0.66268, 1.05538, 0.711767, 0.0245437, 3063.32);
create_cell(0.66268, 1.00629, 0.760854, 0.0245437, 2519.74);
create_cell(0.66268, 1.05538, 0.760854, 0.0245437, 3179.6);
create_cell(0.711767, 1.00629, 0.711767, 0.0245437, 3910.67);
create_cell(0.613592, 1.10447, 0.711767, 0.0245437, 501.43);
create_cell(0.613592, 1.15355, 0.711767, 0.0245437, 3347.22);
create_cell(0.613592, 1.10447, 0.760854, 0.0245437, 705.877);
create_cell(0.0981748, 1.27627, 0.490874, 0.0981748, 87056200.0);
create_cell(0.220893, 1.3499, 0.46633, 0.0245437, 5571550000.0);
create_cell(0.220893, 1.20264, 0.564505, 0.0245437, 83977.6);
create_cell(0.220893, 1.25173, 0.564505, 0.0245437, 84025.6);
create_cell(0.245437, 1.32536, 0.539961, 0.0490874, 10512.0);
create_cell(0.319068, 1.3499, 0.564505, 0.0245437, 84505.7);
create_cell(0.0981748, 1.47262, 0.490874, 0.0981748, 959.605);
create_cell(0.245437, 1.42353, 0.441786, 0.0490874, 696444000.0);
create_cell(0.319068, 1.44808, 0.417243, 0.0245437, 5571550000.0);
create_cell(0.245437, 1.52171, 0.441786, 0.0490874, 749.177);
create_cell(0.343612, 1.52171, 0.441786, 0.0490874, 696445000.0);
create_cell(0.343612, 1.42353, 0.539961, 0.0490874, 10649.9);
create_cell(0.245437, 1.22718, 0.638136, 0.0490874, 3600.66);
create_cell(0.319068, 1.25173, 0.66268, 0.0245437, 2385.06);
create_cell(0.245437, 1.22718, 0.736311, 0.0490874, 3657.77);
create_cell(0.343612, 1.22718, 0.736311, 0.0490874, 3087.91);
create_cell(0.245437, 1.32536, 0.736311, 0.0490874, 517.417);
create_cell(0.564505, 1.25173, 0.46633, 0.0245437, 1938.38);
create_cell(0.46633, 1.3499, 0.417243, 0.0245437, 576.523);
create_cell(0.564505, 1.30082, 0.417243, 0.0245437, 931.157);
create_cell(0.515418, 1.3499, 0.417243, 0.0245437, 2580.79);
create_cell(0.564505, 1.3499, 0.417243, 0.0245437, 1920.94);
create_cell(0.515418, 1.3499, 0.46633, 0.0245437, 2165.59);
create_cell(0.564505, 1.20264, 0.515418, 0.0245437, 1589.56);
create_cell(0.564505, 1.25173, 0.515418, 0.0245437, 2563.83);
create_cell(0.564505, 1.20264, 0.564505, 0.0245437, 1360.4);
create_cell(0.515418, 1.25173, 0.564505, 0.0245437, 456.858);
create_cell(0.564505, 1.25173, 0.564505, 0.0245437, 2059.5);
create_cell(0.515418, 1.30082, 0.515418, 0.0245437, 1518.34);
create_cell(0.564505, 1.30082, 0.515418, 0.0245437, 920.014);
create_cell(0.515418, 1.3499, 0.515418, 0.0245437, 2720.8);
create_cell(0.515418, 1.3499, 0.564505, 0.0245437, 2834.17);
create_cell(0.613592, 1.20264, 0.417243, 0.0245437, 759.654);
create_cell(0.613592, 1.25173, 0.417243, 0.0245437, 1544.98);
create_cell(0.613592, 1.20264, 0.46633, 0.0245437, 823.12);
create_cell(0.613592, 1.25173, 0.46633, 0.0245437, 1318.74);
create_cell(0.613592, 1.20264, 0.515418, 0.0245437, 1257.21);
create_cell(0.760854, 1.30082, 0.564505, 0.0245437, 596.871);
create_cell(0.417243, 1.49717, 0.417243, 0.0245437, 2167.05);
create_cell(0.417243, 1.54625, 0.417243, 0.0245437, 5571560000.0);
create_cell(0.441786, 1.42353, 0.539961, 0.0490874, 11204.5);
create_cell(0.515418, 1.44808, 0.564505, 0.0245437, 87613.6);
create_cell(0.539961, 1.52171, 0.539961, 0.0490874, 10956.6);
create_cell(0.736311, 1.52171, 0.441786, 0.0490874, 553.813);
create_cell(0.638136, 1.52171, 0.539961, 0.0490874, 11142.2);
create_cell(0.736311, 1.52171, 0.539961, 0.0490874, 11318.3);
create_cell(0.539961, 1.22718, 0.638136, 0.0490874, 642.048);
create_cell(0.515418, 1.3499, 0.613592, 0.0245437, 3155.37);
create_cell(0.441786, 1.22718, 0.736311, 0.0490874, 2977.39);
create_cell(0.515418, 1.20264, 0.711767, 0.0245437, 5471.15);
create_cell(0.564505, 1.20264, 0.711767, 0.0245437, 3418.44);
create_cell(0.515418, 1.25173, 0.711767, 0.0245437, 1423.38);
create_cell(0.515418, 1.20264, 0.760854, 0.0245437, 5804.96);
create_cell(0.564505, 1.20264, 0.760854, 0.0245437, 3875.78);
create_cell(0.515418, 1.25173, 0.760854, 0.0245437, 25363.6);
create_cell(0.515418, 1.30082, 0.760854, 0.0245437, 25593.3);
create_cell(0.564505, 1.30082, 0.760854, 0.0245437, 64268.7);
create_cell(0.638136, 1.32536, 0.736311, 0.0490874, 8090.22);
create_cell(0.687223, 1.47262, 0.687223, 0.0981748, 1046.83);
create_cell(0.957204, 0.957204, 0.0245437, 0.0245437, 498.523);
create_cell(0.908117, 0.957204, 0.0736311, 0.0245437, 624.486);
create_cell(0.957204, 0.957204, 0.0736311, 0.0245437, 538.25);
create_cell(0.957204, 0.859029, 0.171806, 0.0245437, 50676.4);
create_cell(0.908117, 0.957204, 0.122718, 0.0245437, 1341.99);
create_cell(0.957204, 0.957204, 0.122718, 0.0245437, 489.318);
create_cell(0.908117, 0.957204, 0.171806, 0.0245437, 1420.96);
create_cell(1.00629, 0.809942, 0.0736311, 0.0245437, 15184.4);
create_cell(1.05538, 0.809942, 0.0736311, 0.0245437, 14954.2);
create_cell(1.00629, 0.859029, 0.0736311, 0.0245437, 15606.8);
create_cell(1.00629, 0.809942, 0.122718, 0.0245437, 33959.6);
create_cell(1.05538, 0.809942, 0.122718, 0.0245437, 33328.8);
create_cell(1.00629, 0.859029, 0.122718, 0.0245437, 15831.1);
create_cell(1.00629, 0.809942, 0.171806, 0.0245437, 34183.9);
create_cell(1.00629, 0.859029, 0.171806, 0.0245437, 50457.9);
create_cell(0.859029, 1.05538, 0.0245437, 0.0245437, 1126.4);
create_cell(0.859029, 1.05538, 0.0736311, 0.0245437, 1080.37);
create_cell(0.908117, 1.00629, 0.0245437, 0.0245437, 706.846);
create_cell(0.908117, 1.05538, 0.0245437, 0.0245437, 831.84);
create_cell(0.809942, 1.10447, 0.0736311, 0.0245437, 1831.31);
create_cell(0.859029, 1.10447, 0.0736311, 0.0245437, 1001.89);
create_cell(0.859029, 1.00629, 0.171806, 0.0245437, 17347.0);
create_cell(0.809942, 1.05538, 0.171806, 0.0245437, 18831.5);
create_cell(0.859029, 1.05538, 0.171806, 0.0245437, 17986.1);
create_cell(0.809942, 1.10447, 0.122718, 0.0245437, 2030.43);
create_cell(0.809942, 1.15355, 0.122718, 0.0245437, 1889.93);
create_cell(0.809942, 1.10447, 0.171806, 0.0245437, 18360.1);
create_cell(1.15355, 1.05538, 0.0736311, 0.0245437, 1424.35);
create_cell(1.15355, 1.10447, 0.0245437, 0.0245437, 485.442);
create_cell(1.10447, 1.15355, 0.0245437, 0.0245437, 556.66);
create_cell(1.10447, 1.10447, 0.0736311, 0.0245437, 1105.57);
create_cell(1.15355, 1.10447, 0.0736311, 0.0245437, 2021.22);
create_cell(1.10447, 1.15355, 0.0736311, 0.0245437, 478.175);
create_cell(1.15355, 1.05538, 0.122718, 0.0245437, 744.151);
create_cell(1.15355, 1.00629, 0.171806, 0.0245437, 1645.27);
create_cell(1.15355, 1.05538, 0.171806, 0.0245437, 687.467);
create_cell(1.05538, 1.15355, 0.122718, 0.0245437, 4145.15);
create_cell(1.10447, 1.10447, 0.122718, 0.0245437, 3382.11);
create_cell(1.15355, 1.10447, 0.122718, 0.0245437, 2058.53);
create_cell(1.10447, 1.15355, 0.122718, 0.0245437, 3977.04);
create_cell(0.957204, 0.859029, 0.220893, 0.0245437, 51999.0);
create_cell(0.957204, 0.859029, 0.269981, 0.0245437, 891.43);
create_cell(0.859029, 0.957204, 0.269981, 0.0245437, 55603.5);
create_cell(0.908117, 0.908117, 0.220893, 0.0245437, 52717.9);
create_cell(0.957204, 0.908117, 0.220893, 0.0245437, 52508.2);
create_cell(0.908117, 0.957204, 0.220893, 0.0245437, 37784.5);
create_cell(0.908117, 0.908117, 0.269981, 0.0245437, 16768.1);
create_cell(0.908117, 0.957204, 0.269981, 0.0245437, 54960.6);
create_cell(0.957204, 0.809942, 0.319068, 0.0245437, 451.529);
create_cell(0.957204, 0.859029, 0.319068, 0.0245437, 672.933);
create_cell(0.859029, 0.957204, 0.319068, 0.0245437, 38718.1);
create_cell(0.859029, 0.957204, 0.368155, 0.0245437, 38914.3);
create_cell(1.15355, 0.957204, 0.319068, 0.0245437, 1838.58);
create_cell(1.15355, 0.957204, 0.368155, 0.0245437, 1716.97);
create_cell(0.859029, 1.00629, 0.220893, 0.0245437, 17306.8);
create_cell(0.809942, 1.05538, 0.220893, 0.0245437, 1174.36);
create_cell(0.859029, 1.00629, 0.269981, 0.0245437, 17386.8);
create_cell(0.809942, 1.05538, 0.269981, 0.0245437, 1311.95);
create_cell(0.809942, 1.05538, 0.319068, 0.0245437, 1894.77);
create_cell(1.15355, 1.00629, 0.220893, 0.0245437, 1212.64);
create_cell(1.15355, 1.00629, 0.269981, 0.0245437, 1512.52);
create_cell(1.10447, 1.05538, 0.269981, 0.0245437, 759.169);
create_cell(1.15355, 1.05538, 0.269981, 0.0245437, 559.566);
create_cell(1.05538, 1.10447, 0.220893, 0.0245437, 418.1);
create_cell(1.05538, 1.15355, 0.220893, 0.0245437, 681.169);
create_cell(1.05538, 1.10447, 0.269981, 0.0245437, 1445.67);
create_cell(1.05538, 1.15355, 0.269981, 0.0245437, 610.921);
create_cell(1.10447, 1.10447, 0.220893, 0.0245437, 523.231);
create_cell(1.10447, 1.10447, 0.269981, 0.0245437, 1205.37);
create_cell(1.15355, 1.00629, 0.319068, 0.0245437, 1538.69);
create_cell(1.10447, 1.00629, 0.368155, 0.0245437, 2865.17);
create_cell(1.15355, 1.00629, 0.368155, 0.0245437, 2693.19);
create_cell(1.05538, 1.10447, 0.319068, 0.0245437, 1071.17);
create_cell(1.05538, 1.10447, 0.368155, 0.0245437, 1405.94);
create_cell(1.20264, 0.957204, 0.0736311, 0.0245437, 1075.53);
create_cell(1.25173, 0.957204, 0.0736311, 0.0245437, 835.232);
create_cell(1.25173, 0.908117, 0.122718, 0.0245437, 1014.97);
create_cell(1.20264, 0.957204, 0.122718, 0.0245437, 1024.18);
create_cell(1.25173, 0.957204, 0.122718, 0.0245437, 1209.24);
create_cell(1.25173, 0.908117, 0.171806, 0.0245437, 817.791);
create_cell(1.20264, 0.957204, 0.171806, 0.0245437, 701.033);
create_cell(1.20264, 1.00629, 0.0736311, 0.0245437, 1470.86);
create_cell(1.20264, 1.05538, 0.0736311, 0.0245437, 1241.7);
create_cell(1.20264, 1.00629, 0.122718, 0.0245437, 1151.11);
create_cell(1.20264, 1.00629, 0.171806, 0.0245437, 1386.56);
create_cell(1.25173, 0.859029, 0.220893, 0.0245437, 414.709);
create_cell(1.25173, 0.908117, 0.220893, 0.0245437, 617.703);
create_cell(1.20264, 0.957204, 0.220893, 0.0245437, 787.753);
create_cell(1.20264, 0.957204, 0.269981, 0.0245437, 981.058);
create_cell(1.20264, 0.957204, 0.319068, 0.0245437, 1658.84);
create_cell(1.54625, 0.957204, 0.368155, 0.0245437, 791.145);
create_cell(1.52171, 1.12901, 0.343612, 0.0490874, 955.139);
create_cell(0.957204, 1.3499, 0.0245437, 0.0245437, 658.883);
create_cell(0.957204, 1.25173, 0.171806, 0.0245437, 2630.69);
create_cell(0.957204, 1.30082, 0.171806, 0.0245437, 3183.96);
create_cell(1.05538, 1.20264, 0.0736311, 0.0245437, 1282.88);
create_cell(1.10447, 1.20264, 0.0736311, 0.0245437, 724.772);
create_cell(1.03084, 1.22718, 0.147262, 0.0490874, 863.876);
create_cell(1.00629, 1.30082, 0.171806, 0.0245437, 3461.08);
create_cell(0.859029, 1.44808, 0.0245437, 0.0245437, 1542.08);
create_cell(0.834486, 1.52171, 0.0490874, 0.0490874, 469.939);
create_cell(0.908117, 1.49717, 0.0245437, 0.0245437, 808.586);
create_cell(0.908117, 1.49717, 0.0736311, 0.0245437, 688.921);
create_cell(0.859029, 1.39899, 0.171806, 0.0245437, 791.629);
create_cell(0.908117, 1.39899, 0.171806, 0.0245437, 588.15);
create_cell(0.908117, 1.49717, 0.122718, 0.0245437, 878.834);
create_cell(0.957204, 1.25173, 0.220893, 0.0245437, 3211.57);
create_cell(0.957204, 1.25173, 0.269981, 0.0245437, 818.759);
create_cell(0.859029, 1.3499, 0.220893, 0.0245437, 5210.02);
create_cell(0.859029, 1.3499, 0.269981, 0.0245437, 5144.62);
create_cell(0.93266, 1.32536, 0.245437, 0.0490874, 1766.39);
create_cell(0.957204, 1.20264, 0.368155, 0.0245437, 466.548);
create_cell(0.859029, 1.3499, 0.319068, 0.0245437, 6188.66);
create_cell(0.859029, 1.3499, 0.368155, 0.0245437, 699.579);
create_cell(0.908117, 1.3499, 0.319068, 0.0245437, 5668.33);
create_cell(0.908117, 1.3499, 0.368155, 0.0245437, 496.1);
create_cell(1.00629, 1.20264, 0.220893, 0.0245437, 1008.67);
create_cell(1.05538, 1.20264, 0.220893, 0.0245437, 846.374);
create_cell(1.00629, 1.25173, 0.220893, 0.0245437, 3581.22);
create_cell(1.00629, 1.20264, 0.269981, 0.0245437, 1144.33);
create_cell(1.05538, 1.20264, 0.269981, 0.0245437, 724.287);
create_cell(1.00629, 1.25173, 0.269981, 0.0245437, 1342.96);
create_cell(1.00629, 1.30082, 0.220893, 0.0245437, 4242.53);
create_cell(1.00629, 1.30082, 0.269981, 0.0245437, 1015.94);
create_cell(0.834486, 1.42353, 0.245437, 0.0490874, 1654.9);
create_cell(0.834486, 1.52171, 0.245437, 0.0490874, 2399.9);
create_cell(0.834486, 1.42353, 0.343612, 0.0490874, 1132.21);
create_cell(0.809942, 1.54625, 0.319068, 0.0245437, 1878.79);
create_cell(0.859029, 1.49717, 0.368155, 0.0245437, 10279.5);
create_cell(0.859029, 1.54625, 0.368155, 0.0245437, 10414.7);
create_cell(0.957204, 1.49717, 0.368155, 0.0245437, 1948.55);
create_cell(0.908117, 1.54625, 0.368155, 0.0245437, 4197.47);
create_cell(1.47262, 1.47262, 0.294524, 0.0981748, 1194.01);
create_cell(0.809942, 0.957204, 0.417243, 0.0245437, 39886.7);
create_cell(0.859029, 0.957204, 0.417243, 0.0245437, 39696.3);
create_cell(0.809942, 0.957204, 0.46633, 0.0245437, 40074.2);
create_cell(0.809942, 0.957204, 0.515418, 0.0245437, 40258.7);
create_cell(0.809942, 0.957204, 0.564505, 0.0245437, 40994.2);
create_cell(1.15355, 0.957204, 0.417243, 0.0245437, 565.865);
create_cell(1.15355, 0.957204, 0.46633, 0.0245437, 737.852);
create_cell(1.10447, 0.957204, 0.515418, 0.0245437, 1171.94);
create_cell(1.15355, 0.957204, 0.515418, 0.0245437, 1005.77);
create_cell(0.957204, 1.15355, 0.515418, 0.0245437, 1381.23);
create_cell(0.957204, 1.10447, 0.564505, 0.0245437, 1289.67);
create_cell(0.957204, 1.15355, 0.564505, 0.0245437, 527.107);
create_cell(1.05538, 1.05538, 0.46633, 0.0245437, 1041.13);
create_cell(1.10447, 1.00629, 0.417243, 0.0245437, 2779.91);
create_cell(1.10447, 1.05538, 0.417243, 0.0245437, 500.945);
create_cell(1.10447, 1.00629, 0.46633, 0.0245437, 2988.71);
create_cell(1.10447, 1.05538, 0.46633, 0.0245437, 761.107);
create_cell(1.00629, 1.10447, 0.417243, 0.0245437, 1492.66);
create_cell(1.05538, 1.10447, 0.417243, 0.0245437, 1525.12);
create_cell(1.00629, 1.15355, 0.417243, 0.0245437, 680.2);
create_cell(1.00629, 1.10447, 0.46633, 0.0245437, 2677.2);
create_cell(1.05538, 1.10447, 0.46633, 0.0245437, 777.095);
create_cell(1.00629, 1.05538, 0.515418, 0.0245437, 846.374);
create_cell(1.05538, 1.05538, 0.515418, 0.0245437, 1424.35);
create_cell(1.05538, 1.00629, 0.564505, 0.0245437, 4802.1);
create_cell(1.05538, 1.05538, 0.564505, 0.0245437, 734.461);
create_cell(1.10447, 1.00629, 0.515418, 0.0245437, 4392.23);
create_cell(1.10447, 1.00629, 0.564505, 0.0245437, 4394.66);
create_cell(1.00629, 1.10447, 0.515418, 0.0245437, 3902.92);
create_cell(1.00629, 1.15355, 0.515418, 0.0245437, 1133.67);
create_cell(1.00629, 1.10447, 0.564505, 0.0245437, 3325.42);
create_cell(1.05538, 0.957204, 0.66268, 0.0245437, 660.821);
create_cell(1.10447, 0.908117, 0.66268, 0.0245437, 782.908);
create_cell(1.15355, 0.908117, 0.66268, 0.0245437, 490.771);
create_cell(1.10447, 0.957204, 0.66268, 0.0245437, 636.113);
create_cell(1.05538, 0.957204, 0.760854, 0.0245437, 460.734);
create_cell(1.10447, 0.908117, 0.711767, 0.0245437, 463.641);
create_cell(1.10447, 0.908117, 0.760854, 0.0245437, 638.536);
create_cell(0.957204, 1.10447, 0.613592, 0.0245437, 1278.52);
create_cell(0.957204, 1.15355, 0.613592, 0.0245437, 1025.63);
create_cell(0.957204, 1.10447, 0.66268, 0.0245437, 1619.11);
create_cell(0.957204, 1.15355, 0.66268, 0.0245437, 1281.92);
create_cell(0.957204, 1.05538, 0.711767, 0.0245437, 2670.9);
create_cell(0.93266, 1.12901, 0.736311, 0.0490874, 1023.51);
create_cell(1.05538, 1.00629, 0.613592, 0.0245437, 5023.02);
create_cell(1.05538, 1.05538, 0.613592, 0.0245437, 1998.45);
create_cell(1.00629, 1.00629, 0.66268, 0.0245437, 445.715);
create_cell(1.05538, 1.00629, 0.66268, 0.0245437, 4682.43);
create_cell(1.00629, 1.05538, 0.66268, 0.0245437, 590.573);
create_cell(1.05538, 1.05538, 0.66268, 0.0245437, 2224.22);
create_cell(1.00629, 1.10447, 0.613592, 0.0245437, 2825.45);
create_cell(1.00629, 1.15355, 0.613592, 0.0245437, 467.517);
create_cell(1.00629, 1.10447, 0.66268, 0.0245437, 3207.21);
create_cell(1.00629, 1.15355, 0.66268, 0.0245437, 603.653);
create_cell(1.05538, 1.00629, 0.711767, 0.0245437, 4409.67);
create_cell(1.00629, 1.05538, 0.711767, 0.0245437, 2963.52);
create_cell(1.05538, 1.05538, 0.711767, 0.0245437, 2333.71);
create_cell(1.05538, 1.00629, 0.760854, 0.0245437, 4466.36);
create_cell(1.00629, 1.05538, 0.760854, 0.0245437, 681.169);
create_cell(1.00629, 1.10447, 0.711767, 0.0245437, 2905.39);
create_cell(1.00629, 1.10447, 0.760854, 0.0245437, 3617.56);
create_cell(1.10447, 1.15355, 0.760854, 0.0245437, 5613.11);
create_cell(1.15355, 1.15355, 0.760854, 0.0245437, 2490.19);
create_cell(1.54625, 0.957204, 0.417243, 0.0245437, 1082.31);
create_cell(1.52171, 1.03084, 0.441786, 0.0490874, 421.794);
create_cell(1.52171, 1.12901, 0.441786, 0.0490874, 1534.87);
create_cell(1.47262, 1.07992, 0.687223, 0.0981748, 2075.77);
create_cell(0.93266, 1.22718, 0.539961, 0.0490874, 624.728);
create_cell(0.908117, 1.30082, 0.564505, 0.0245437, 2881.65);
create_cell(0.908117, 1.3499, 0.564505, 0.0245437, 4790.47);
create_cell(1.00629, 1.20264, 0.417243, 0.0245437, 401.628);
create_cell(0.908117, 1.44808, 0.46633, 0.0245437, 705.393);
create_cell(0.859029, 1.54625, 0.417243, 0.0245437, 7367.87);
create_cell(0.809942, 1.49717, 0.46633, 0.0245437, 1269.8);
create_cell(0.859029, 1.49717, 0.46633, 0.0245437, 1325.52);
create_cell(0.809942, 1.54625, 0.46633, 0.0245437, 5465.83);
create_cell(0.908117, 1.39899, 0.564505, 0.0245437, 3626.28);
create_cell(0.957204, 1.39899, 0.564505, 0.0245437, 3722.21);
create_cell(0.834486, 1.52171, 0.539961, 0.0490874, 11650.1);
create_cell(1.03084, 1.42353, 0.539961, 0.0490874, 569.014);
create_cell(1.12901, 1.42353, 0.539961, 0.0490874, 759.351);
create_cell(0.93266, 1.22718, 0.638136, 0.0490874, 704.969);
create_cell(0.908117, 1.3499, 0.613592, 0.0245437, 1435.01);
create_cell(0.957204, 1.3499, 0.613592, 0.0245437, 1489.75);
create_cell(0.957204, 1.30082, 0.66268, 0.0245437, 4338.94);
create_cell(0.957204, 1.20264, 0.711767, 0.0245437, 2459.19);
create_cell(0.908117, 1.20264, 0.760854, 0.0245437, 4868.47);
create_cell(0.957204, 1.20264, 0.760854, 0.0245437, 4691.64);
create_cell(0.908117, 1.25173, 0.760854, 0.0245437, 779.033);
create_cell(0.957204, 1.25173, 0.760854, 0.0245437, 2413.16);
create_cell(1.03084, 1.32536, 0.638136, 0.0490874, 797.019);
create_cell(1.12901, 1.32536, 0.638136, 0.0490874, 549.695);
create_cell(1.00629, 1.25173, 0.760854, 0.0245437, 2548.33);
create_cell(1.05538, 1.25173, 0.760854, 0.0245437, 1490.72);
create_cell(1.12901, 1.22718, 0.736311, 0.0490874, 1010.55);
create_cell(1.03084, 1.32536, 0.736311, 0.0490874, 562.473);
create_cell(0.883573, 1.47262, 0.687223, 0.0981748, 1073.19);
create_cell(1.47262, 1.47262, 0.490874, 0.0981748, 1238.58);
create_cell(1.47262, 1.27627, 0.687223, 0.0981748, 7373.08);
create_cell(0.539961, 0.0490874, 0.834486, 0.0490874, 5503.43);
create_cell(0.564505, 0.122718, 0.809942, 0.0245437, 424.398);
create_cell(0.515418, 0.171806, 0.809942, 0.0245437, 604.138);
create_cell(0.539961, 0.0490874, 0.93266, 0.0490874, 5838.51);
create_cell(0.515418, 0.122718, 0.908117, 0.0245437, 533.889);
create_cell(0.515418, 0.122718, 0.957204, 0.0245437, 4549.69);
create_cell(0.613592, 0.0245437, 0.809942, 0.0245437, 9703.51);
create_cell(0.613592, 0.0736311, 0.809942, 0.0245437, 559.566);
create_cell(0.613592, 0.0245437, 0.908117, 0.0245437, 478.175);
create_cell(0.441786, 0.245437, 0.834486, 0.0490874, 1413.75);
create_cell(0.515418, 0.220893, 0.809942, 0.0245437, 1143.84);
create_cell(0.417243, 0.319068, 0.809942, 0.0245437, 417.616);
create_cell(0.417243, 0.368155, 0.809942, 0.0245437, 34837.5);
create_cell(0.417243, 0.368155, 0.859029, 0.0245437, 35351.0);
create_cell(0.441786, 0.245437, 0.93266, 0.0490874, 1827.49);
create_cell(0.417243, 0.368155, 0.908117, 0.0245437, 35283.2);
create_cell(0.417243, 0.368155, 0.957204, 0.0245437, 34646.1);
create_cell(0.539961, 0.0490874, 1.03084, 0.0490874, 5497.56);
create_cell(0.441786, 0.147262, 1.03084, 0.0490874, 888.039);
create_cell(0.515418, 0.122718, 1.00629, 0.0245437, 4745.9);
create_cell(0.515418, 0.171806, 1.00629, 0.0245437, 498.523);
create_cell(0.515418, 0.171806, 1.05538, 0.0245437, 447.653);
create_cell(0.539961, 0.0490874, 1.12901, 0.0490874, 5693.29);
create_cell(0.515418, 0.122718, 1.10447, 0.0245437, 441.839);
create_cell(0.515418, 0.122718, 1.15355, 0.0245437, 2584.66);
create_cell(0.515418, 0.171806, 1.15355, 0.0245437, 2389.91);
create_cell(0.441786, 0.245437, 1.03084, 0.0490874, 2890.06);
create_cell(0.515418, 0.220893, 1.05538, 0.0245437, 518.871);
create_cell(0.417243, 0.319068, 1.05538, 0.0245437, 14109.3);
create_cell(0.46633, 0.319068, 1.05538, 0.0245437, 11054.2);
create_cell(0.515418, 0.220893, 1.10447, 0.0245437, 695.703);
create_cell(0.515418, 0.220893, 1.15355, 0.0245437, 3093.36);
create_cell(0.441786, 0.343612, 1.12901, 0.0490874, 3619.56);
create_cell(0.245437, 0.441786, 0.834486, 0.0490874, 696441000.0);
create_cell(0.343612, 0.441786, 0.834486, 0.0490874, 696443000.0);
create_cell(0.319068, 0.515418, 0.809942, 0.0245437, 503.852);
create_cell(0.368155, 0.515418, 0.809942, 0.0245437, 566.349);
create_cell(0.319068, 0.515418, 0.859029, 0.0245437, 2024.13);
create_cell(0.368155, 0.515418, 0.859029, 0.0245437, 748.995);
create_cell(0.245437, 0.441786, 0.93266, 0.0490874, 696444000.0);
create_cell(0.343612, 0.441786, 0.93266, 0.0490874, 696443000.0);
create_cell(0.343612, 0.539961, 0.93266, 0.0490874, 475.086);
create_cell(0.245437, 0.638136, 0.834486, 0.0490874, 814.763);
create_cell(0.319068, 0.613592, 0.809942, 0.0245437, 29681.7);
create_cell(0.319068, 0.66268, 0.809942, 0.0245437, 561.02);
create_cell(0.319068, 0.613592, 0.859029, 0.0245437, 29870.2);
create_cell(0.319068, 0.711767, 0.809942, 0.0245437, 527.107);
create_cell(0.319068, 0.711767, 0.859029, 0.0245437, 759.654);
create_cell(0.245437, 0.638136, 0.93266, 0.0490874, 869.024);
create_cell(0.319068, 0.613592, 0.908117, 0.0245437, 29997.1);
create_cell(0.319068, 0.66268, 0.908117, 0.0245437, 671.964);
create_cell(0.319068, 0.613592, 0.957204, 0.0245437, 31629.3);
create_cell(0.368155, 0.613592, 0.957204, 0.0245437, 3622.41);
create_cell(0.319068, 0.66268, 0.957204, 0.0245437, 490.287);
create_cell(0.245437, 0.736311, 0.93266, 0.0490874, 2192.73);
create_cell(0.319068, 0.711767, 0.908117, 0.0245437, 994.139);
create_cell(0.319068, 0.760854, 0.908117, 0.0245437, 454.436);
create_cell(0.319068, 0.711767, 0.957204, 0.0245437, 1001.41);
create_cell(0.319068, 0.760854, 0.957204, 0.0245437, 988.325);
create_cell(0.294524, 0.490874, 1.07992, 0.0981748, 174113000.0);
create_cell(0.294524, 0.687223, 1.07992, 0.0981748, 986.395);
create_cell(0.417243, 0.417243, 0.859029, 0.0245437, 519.84);
create_cell(0.417243, 0.417243, 0.908117, 0.0245437, 1518.34);
create_cell(0.417243, 0.417243, 0.957204, 0.0245437, 34759.5);
create_cell(0.417243, 0.417243, 1.00629, 0.0245437, 35129.6);
create_cell(0.417243, 0.46633, 1.05538, 0.0245437, 427.79);
create_cell(0.417243, 0.515418, 1.05538, 0.0245437, 775.641);
create_cell(0.417243, 0.564505, 1.05538, 0.0245437, 602.685);
create_cell(0.417243, 0.417243, 1.15355, 0.0245437, 4079.26);
create_cell(0.46633, 0.417243, 1.15355, 0.0245437, 26462.9);
create_cell(0.417243, 0.515418, 1.10447, 0.0245437, 462.187);
create_cell(0.417243, 0.515418, 1.15355, 0.0245437, 1029.02);
create_cell(0.417243, 0.564505, 1.15355, 0.0245437, 11143200000.0);
create_cell(0.417243, 0.613592, 1.05538, 0.0245437, 770.797);
create_cell(0.417243, 0.66268, 1.05538, 0.0245437, 806.163);
create_cell(0.417243, 0.711767, 1.05538, 0.0245437, 833.294);
create_cell(0.417243, 0.760854, 1.05538, 0.0245437, 11438.4);
create_cell(0.417243, 0.613592, 1.15355, 0.0245437, 11143200000.0);
create_cell(0.441786, 0.736311, 1.12901, 0.0490874, 7343.16);
create_cell(0.760854, 0.760854, 1.05538, 0.0245437, 862.847);
create_cell(0.760854, 0.760854, 1.10447, 0.0245437, 1025.15);
create_cell(0.711767, 0.760854, 1.15355, 0.0245437, 438.933);
create_cell(0.760854, 0.760854, 1.15355, 0.0245437, 1021.27);
create_cell(0.490874, 0.0981748, 1.27627, 0.0981748, 791.97);
create_cell(0.613592, 0.0245437, 1.3499, 0.0245437, 425.852);
create_cell(0.613592, 0.171806, 1.3499, 0.0245437, 54934.9);
create_cell(0.441786, 0.245437, 1.22718, 0.0490874, 597.961);
create_cell(0.515418, 0.220893, 1.20264, 0.0245437, 3275.04);
create_cell(0.515418, 0.269981, 1.20264, 0.0245437, 2839.5);
create_cell(0.515418, 0.220893, 1.25173, 0.0245437, 794.051);
create_cell(0.441786, 0.343612, 1.22718, 0.0490874, 638.657);
create_cell(0.515418, 0.319068, 1.20264, 0.0245437, 2880.68);
create_cell(0.515418, 0.368155, 1.20264, 0.0245437, 2988.23);
create_cell(0.613592, 0.220893, 1.3499, 0.0245437, 1648.18);
create_cell(0.613592, 0.368155, 1.3499, 0.0245437, 708.784);
create_cell(0.613592, 0.171806, 1.39899, 0.0245437, 55476.0);
create_cell(0.613592, 0.122718, 1.44808, 0.0245437, 826.996);
create_cell(0.66268, 0.122718, 1.44808, 0.0245437, 1086.67);
create_cell(0.638136, 0.147262, 1.52171, 0.0490874, 1450.75);
create_cell(0.711767, 0.122718, 1.49717, 0.0245437, 420.038);
create_cell(0.711767, 0.171806, 1.49717, 0.0245437, 6413.94);
create_cell(0.711767, 0.171806, 1.54625, 0.0245437, 6868.86);
create_cell(0.760854, 0.171806, 1.54625, 0.0245437, 409.38);
create_cell(0.490874, 0.294524, 1.47262, 0.0981748, 584.032);
create_cell(0.613592, 0.220893, 1.39899, 0.0245437, 57470.1);
create_cell(0.613592, 0.269981, 1.39899, 0.0245437, 1076.98);
create_cell(0.613592, 0.220893, 1.44808, 0.0245437, 56794.8);
create_cell(0.711767, 0.368155, 1.44808, 0.0245437, 2558.02);
create_cell(0.638136, 0.245437, 1.52171, 0.0490874, 12303.0);
create_cell(0.736311, 0.245437, 1.52171, 0.0490874, 14220.9);
create_cell(0.441786, 0.441786, 1.22718, 0.0490874, 4672.86);
create_cell(0.515418, 0.417243, 1.20264, 0.0245437, 3160.22);
create_cell(0.515418, 0.46633, 1.20264, 0.0245437, 3329.3);
create_cell(0.515418, 0.417243, 1.25173, 0.0245437, 434.088);
create_cell(0.515418, 0.46633, 1.25173, 0.0245437, 733.977);
create_cell(0.441786, 0.539961, 1.22718, 0.0490874, 5031.8);
create_cell(0.515418, 0.515418, 1.20264, 0.0245437, 3299.26);
create_cell(0.515418, 0.564505, 1.20264, 0.0245437, 3399.06);
create_cell(0.515418, 0.515418, 1.25173, 0.0245437, 962.648);
create_cell(0.515418, 0.564505, 1.25173, 0.0245437, 739.306);
create_cell(0.539961, 0.539961, 1.32536, 0.0490874, 531.77);
create_cell(0.613592, 0.564505, 1.3499, 0.0245437, 2270.73);
create_cell(0.441786, 0.638136, 1.22718, 0.0490874, 1392910000.0);
create_cell(0.515418, 0.613592, 1.20264, 0.0245437, 3559.42);
create_cell(0.515418, 0.66268, 1.20264, 0.0245437, 3874.33);
create_cell(0.515418, 0.613592, 1.25173, 0.0245437, 837.169);
create_cell(0.515418, 0.66268, 1.25173, 0.0245437, 933.095);
create_cell(0.441786, 0.736311, 1.22718, 0.0490874, 1392920000.0);
create_cell(0.539961, 0.736311, 1.22718, 0.0490874, 749.359);
create_cell(0.441786, 0.638136, 1.32536, 0.0490874, 418.585);
create_cell(0.539961, 0.638136, 1.32536, 0.0490874, 440.447);
create_cell(0.441786, 0.736311, 1.32536, 0.0490874, 13411.2);
create_cell(0.539961, 0.736311, 1.32536, 0.0490874, 527.712);
create_cell(0.638136, 0.638136, 1.32536, 0.0490874, 483.625);
create_cell(0.736311, 0.638136, 1.32536, 0.0490874, 710.48);
create_cell(0.736311, 0.736311, 1.32536, 0.0490874, 72376.1);
create_cell(0.711767, 0.46633, 1.39899, 0.0245437, 2160.27);
create_cell(0.711767, 0.417243, 1.44808, 0.0245437, 1917.06);
create_cell(0.711767, 0.46633, 1.44808, 0.0245437, 627.393);
create_cell(0.736311, 0.539961, 1.42353, 0.0490874, 438.933);
create_cell(0.736311, 0.441786, 1.52171, 0.0490874, 446.805);
create_cell(0.638136, 0.539961, 1.52171, 0.0490874, 617.219);
create_cell(0.687223, 0.687223, 1.47262, 0.0981748, 8923.12);
create_cell(0.809942, 0.711767, 1.00629, 0.0245437, 720.411);
create_cell(0.809942, 0.760854, 1.00629, 0.0245437, 544.548);
create_cell(0.809942, 0.711767, 1.05538, 0.0245437, 716.536);
create_cell(0.859029, 0.613592, 1.15355, 0.0245437, 530.014);
create_cell(0.809942, 0.66268, 1.15355, 0.0245437, 723.318);
create_cell(0.859029, 0.66268, 1.15355, 0.0245437, 435.057);
create_cell(0.809942, 0.711767, 1.10447, 0.0245437, 1106.54);
create_cell(0.809942, 0.711767, 1.15355, 0.0245437, 1943.22);
create_cell(1.54625, 0.760854, 0.859029, 0.0245437, 2820.12);
create_cell(1.54625, 0.760854, 0.908117, 0.0245437, 3380.17);
create_cell(1.54625, 0.711767, 0.957204, 0.0245437, 422.461);
create_cell(1.49717, 0.760854, 0.957204, 0.0245437, 640.958);
create_cell(1.20264, 0.711767, 1.10447, 0.0245437, 498.038);
create_cell(1.52171, 0.736311, 1.12901, 0.0490874, 56163.4);
create_cell(1.10447, 0.0736311, 1.54625, 0.0245437, 477.69);
create_cell(1.15355, 0.0736311, 1.54625, 0.0245437, 437.964);
create_cell(1.05538, 0.171806, 1.49717, 0.0245437, 482.051);
create_cell(1.05538, 0.122718, 1.54625, 0.0245437, 475.268);
create_cell(1.05538, 0.171806, 1.54625, 0.0245437, 739.79);
create_cell(1.10447, 0.122718, 1.54625, 0.0245437, 647.74);
create_cell(0.957204, 0.319068, 1.44808, 0.0245437, 737.368);
create_cell(0.809942, 0.269981, 1.49717, 0.0245437, 7540.34);
create_cell(0.809942, 0.220893, 1.54625, 0.0245437, 490.771);
create_cell(0.809942, 0.269981, 1.54625, 0.0245437, 107506.0);
create_cell(0.957204, 0.269981, 1.49717, 0.0245437, 421.492);
create_cell(0.834486, 0.343612, 1.52171, 0.0490874, 1412.06);
create_cell(0.93266, 0.343612, 1.52171, 0.0490874, 1914.76);
create_cell(1.00629, 0.269981, 1.44808, 0.0245437, 462.672);
create_cell(1.00629, 0.319068, 1.39899, 0.0245437, 569.74);
create_cell(1.00629, 0.319068, 1.44808, 0.0245437, 838.623);
create_cell(1.05538, 0.220893, 1.49717, 0.0245437, 511.604);
create_cell(1.00629, 0.269981, 1.49717, 0.0245437, 621.094);
create_cell(1.00629, 0.220893, 1.54625, 0.0245437, 550.361);
create_cell(1.05538, 0.220893, 1.54625, 0.0245437, 723.803);
create_cell(1.00629, 0.269981, 1.54625, 0.0245437, 910.809);
create_cell(1.00629, 0.319068, 1.49717, 0.0245437, 866.722);
create_cell(1.00629, 0.319068, 1.54625, 0.0245437, 1929.17);
create_cell(1.39899, 0.319068, 1.44808, 0.0245437, 432.634);
create_cell(1.39899, 0.220893, 1.54625, 0.0245437, 460.249);
create_cell(1.39899, 0.319068, 1.49717, 0.0245437, 945.691);
create_cell(1.39899, 0.319068, 1.54625, 0.0245437, 1361.85);
create_cell(1.39899, 0.368155, 1.54625, 0.0245437, 2690.28);
create_cell(1.44808, 0.368155, 1.54625, 0.0245437, 6042.35);
create_cell(1.54625, 0.368155, 1.49717, 0.0245437, 47943.9);
create_cell(1.49717, 0.368155, 1.54625, 0.0245437, 37371.8);
create_cell(0.859029, 0.515418, 1.25173, 0.0245437, 850.735);
create_cell(0.908117, 0.515418, 1.20264, 0.0245437, 492.709);
create_cell(0.908117, 0.515418, 1.25173, 0.0245437, 695.219);
create_cell(1.15355, 0.564505, 1.30082, 0.0245437, 746.573);
create_cell(0.859029, 0.613592, 1.20264, 0.0245437, 890.946);
create_cell(0.809942, 0.66268, 1.20264, 0.0245437, 421.007);
create_cell(0.809942, 0.613592, 1.25173, 0.0245437, 462.672);
create_cell(0.859029, 0.613592, 1.25173, 0.0245437, 1043.55);
create_cell(0.809942, 0.66268, 1.25173, 0.0245437, 478.175);
create_cell(0.809942, 0.711767, 1.20264, 0.0245437, 2661.7);
create_cell(0.809942, 0.711767, 1.25173, 0.0245437, 2807.52);
create_cell(0.859029, 0.613592, 1.30082, 0.0245437, 925.344);
create_cell(0.809942, 0.66268, 1.30082, 0.0245437, 891.43);
create_cell(0.809942, 0.613592, 1.3499, 0.0245437, 1503.8);
create_cell(0.859029, 0.613592, 1.3499, 0.0245437, 3310.89);
create_cell(0.809942, 0.66268, 1.3499, 0.0245437, 1383.66);
create_cell(0.809942, 0.711767, 1.30082, 0.0245437, 3984.79);
create_cell(0.809942, 0.760854, 1.30082, 0.0245437, 13013.4);
create_cell(0.809942, 0.711767, 1.3499, 0.0245437, 1432.59);
create_cell(0.809942, 0.760854, 1.3499, 0.0245437, 572824.0);
create_cell(0.957204, 0.417243, 1.39899, 0.0245437, 807.132);
create_cell(0.908117, 0.46633, 1.39899, 0.0245437, 1465.53);
create_cell(0.957204, 0.417243, 1.44808, 0.0245437, 958.772);
create_cell(0.908117, 0.46633, 1.44808, 0.0245437, 1357.98);
create_cell(0.834486, 0.539961, 1.42353, 0.0490874, 740.457);
create_cell(0.908117, 0.515418, 1.39899, 0.0245437, 635.629);
create_cell(0.908117, 0.515418, 1.44808, 0.0245437, 1720.85);
create_cell(0.908117, 0.564505, 1.44808, 0.0245437, 5642.66);
create_cell(0.957204, 0.564505, 1.44808, 0.0245437, 5610.2);
create_cell(0.834486, 0.441786, 1.52171, 0.0490874, 756.565);
create_cell(0.957204, 0.417243, 1.49717, 0.0245437, 1274.65);
create_cell(0.957204, 0.417243, 1.54625, 0.0245437, 17970.6);
create_cell(0.908117, 0.46633, 1.54625, 0.0245437, 944.722);
create_cell(1.00629, 0.564505, 1.44808, 0.0245437, 5805.93);
create_cell(1.00629, 0.417243, 1.54625, 0.0245437, 16714.8);
create_cell(1.05538, 0.417243, 1.54625, 0.0245437, 16816.5);
create_cell(1.12901, 0.441786, 1.52171, 0.0490874, 2200.05);
create_cell(1.12901, 0.539961, 1.52171, 0.0490874, 1647.51);
create_cell(1.30082, 0.515418, 1.30082, 0.0245437, 578.461);
create_cell(1.30082, 0.515418, 1.3499, 0.0245437, 545.032);
create_cell(1.54625, 0.564505, 1.25173, 0.0245437, 818.759);
create_cell(1.54625, 0.46633, 1.3499, 0.0245437, 492.709);
create_cell(1.20264, 0.66268, 1.20264, 0.0245437, 865.269);
create_cell(1.25173, 0.613592, 1.25173, 0.0245437, 494.163);
create_cell(1.20264, 0.66268, 1.25173, 0.0245437, 1217.0);
create_cell(1.20264, 0.711767, 1.25173, 0.0245437, 2506.66);
create_cell(1.20264, 0.760854, 1.25173, 0.0245437, 2215.01);
create_cell(1.25173, 0.613592, 1.30082, 0.0245437, 590.088);
create_cell(1.20264, 0.66268, 1.30082, 0.0245437, 1180.66);
create_cell(1.20264, 0.613592, 1.3499, 0.0245437, 1280.95);
create_cell(1.25173, 0.613592, 1.3499, 0.0245437, 2020.25);
create_cell(1.20264, 0.66268, 1.3499, 0.0245437, 492.709);
create_cell(1.30082, 0.613592, 1.3499, 0.0245437, 1735.87);
create_cell(1.3499, 0.613592, 1.3499, 0.0245437, 1866.19);
create_cell(1.22718, 0.736311, 1.32536, 0.0490874, 425.791);
create_cell(1.52171, 0.736311, 1.22718, 0.0490874, 57433.9);
create_cell(1.20264, 0.46633, 1.44808, 0.0245437, 425.852);
create_cell(1.3499, 0.417243, 1.39899, 0.0245437, 466.063);
create_cell(1.30082, 0.417243, 1.44808, 0.0245437, 544.548);
create_cell(1.3499, 0.417243, 1.44808, 0.0245437, 646.287);
create_cell(1.30082, 0.46633, 1.44808, 0.0245437, 732.523);
create_cell(1.30082, 0.515418, 1.44808, 0.0245437, 937.94);
create_cell(1.3499, 0.515418, 1.44808, 0.0245437, 942.785);
create_cell(1.22718, 0.441786, 1.52171, 0.0490874, 987.235);
create_cell(1.22718, 0.539961, 1.52171, 0.0490874, 2029.28);
create_cell(1.52171, 0.441786, 1.52171, 0.0490874, 50037.5);
create_cell(1.27627, 0.687223, 1.47262, 0.0981748, 454.284);
create_cell(1.47262, 0.687223, 1.47262, 0.0981748, 6262.68);
create_cell(0.245437, 0.834486, 0.834486, 0.0490874, 6079.17);
create_cell(0.319068, 0.809942, 0.859029, 0.0245437, 413.256);
create_cell(0.245437, 0.93266, 0.834486, 0.0490874, 645.621);
create_cell(0.245437, 0.834486, 0.93266, 0.0490874, 7029.7);
create_cell(0.319068, 0.809942, 0.908117, 0.0245437, 1108.96);
create_cell(0.319068, 0.859029, 0.908117, 0.0245437, 983.965);
create_cell(0.319068, 0.809942, 0.957204, 0.0245437, 1507.2);
create_cell(0.319068, 0.859029, 0.957204, 0.0245437, 8962.27);
create_cell(0.245437, 0.93266, 0.93266, 0.0490874, 1982.77);
create_cell(0.343612, 0.93266, 0.93266, 0.0490874, 1834.22);
create_cell(0.245437, 1.03084, 0.834486, 0.0490874, 4038.39);
create_cell(0.319068, 1.05538, 0.859029, 0.0245437, 20574.6);
create_cell(0.245437, 1.12901, 0.834486, 0.0490874, 2105.34);
create_cell(0.343612, 1.12901, 0.834486, 0.0490874, 1749.13);
create_cell(0.343612, 1.03084, 0.93266, 0.0490874, 2170.32);
create_cell(0.245437, 1.12901, 0.93266, 0.0490874, 720.896);
create_cell(0.343612, 1.12901, 0.93266, 0.0490874, 1010.43);
create_cell(0.294524, 0.883573, 1.07992, 0.0981748, 1206.91);
create_cell(0.417243, 0.908117, 0.957204, 0.0245437, 840.561);
create_cell(0.417243, 0.957204, 0.957204, 0.0245437, 14755.6);
create_cell(0.760854, 0.859029, 0.809942, 0.0245437, 853.157);
create_cell(0.760854, 0.859029, 0.859029, 0.0245437, 695.703);
create_cell(0.66268, 0.957204, 0.809942, 0.0245437, 19097.4);
create_cell(0.66268, 0.957204, 0.859029, 0.0245437, 470.423);
create_cell(0.711767, 0.908117, 0.809942, 0.0245437, 419.554);
create_cell(0.760854, 0.908117, 0.809942, 0.0245437, 453.467);
create_cell(0.711767, 0.957204, 0.809942, 0.0245437, 45597.6);
create_cell(0.711767, 0.908117, 0.859029, 0.0245437, 535.343);
create_cell(0.711767, 0.957204, 0.859029, 0.0245437, 26921.7);
create_cell(0.760854, 0.859029, 0.908117, 0.0245437, 858.971);
create_cell(0.711767, 0.859029, 0.957204, 0.0245437, 905.965);
create_cell(0.760854, 0.859029, 0.957204, 0.0245437, 966.524);
create_cell(0.66268, 0.957204, 0.957204, 0.0245437, 563.927);
create_cell(0.711767, 0.908117, 0.908117, 0.0245437, 665.182);
create_cell(0.711767, 0.957204, 0.908117, 0.0245437, 26832.5);
create_cell(0.711767, 0.908117, 0.957204, 0.0245437, 28322.8);
create_cell(0.711767, 0.957204, 0.957204, 0.0245437, 26940.1);
create_cell(0.564505, 1.05538, 0.859029, 0.0245437, 19957.9);
create_cell(0.441786, 1.12901, 0.834486, 0.0490874, 1487.57);
create_cell(0.539961, 1.12901, 0.834486, 0.0490874, 3251.06);
create_cell(0.441786, 1.03084, 0.93266, 0.0490874, 4118.51);
create_cell(0.539961, 1.03084, 0.93266, 0.0490874, 1981.25);
create_cell(0.441786, 1.12901, 0.93266, 0.0490874, 1671.92);
create_cell(0.539961, 1.12901, 0.93266, 0.0490874, 2841.43);
create_cell(0.638136, 1.03084, 0.834486, 0.0490874, 3273.46);
create_cell(0.613592, 1.05538, 0.908117, 0.0245437, 8191.47);
create_cell(0.613592, 1.05538, 0.957204, 0.0245437, 4046.8);
create_cell(0.613592, 1.10447, 0.908117, 0.0245437, 4887.36);
create_cell(0.613592, 1.15355, 0.908117, 0.0245437, 4906.26);
create_cell(0.613592, 1.15355, 0.957204, 0.0245437, 16273.9);
create_cell(0.66268, 1.15355, 0.957204, 0.0245437, 6162.5);
create_cell(0.711767, 1.15355, 0.957204, 0.0245437, 6990.95);
create_cell(0.760854, 1.15355, 0.957204, 0.0245437, 510.635);
create_cell(0.417243, 0.809942, 1.05538, 0.0245437, 11698.6);
create_cell(0.417243, 0.859029, 1.05538, 0.0245437, 11646.7);
create_cell(0.441786, 0.93266, 1.03084, 0.0490874, 1625.95);
create_cell(0.441786, 0.93266, 1.12901, 0.0490874, 9741.78);
create_cell(0.711767, 0.859029, 1.00629, 0.0245437, 1320.67);
create_cell(0.760854, 0.859029, 1.00629, 0.0245437, 593.48);
create_cell(0.711767, 0.809942, 1.05538, 0.0245437, 877.381);
create_cell(0.760854, 0.809942, 1.05538, 0.0245437, 948.598);
create_cell(0.711767, 0.859029, 1.05538, 0.0245437, 1472.31);
create_cell(0.711767, 0.908117, 1.00629, 0.0245437, 28475.4);
create_cell(0.711767, 0.908117, 1.05538, 0.0245437, 28872.7);
create_cell(0.711767, 0.809942, 1.10447, 0.0245437, 1423.38);
create_cell(0.760854, 0.809942, 1.10447, 0.0245437, 717.989);
create_cell(0.711767, 0.859029, 1.10447, 0.0245437, 2512.96);
create_cell(0.711767, 0.809942, 1.15355, 0.0245437, 772.25);
create_cell(0.760854, 0.809942, 1.15355, 0.0245437, 726.225);
create_cell(0.711767, 0.859029, 1.15355, 0.0245437, 1820.65);
create_cell(0.638136, 0.93266, 1.12901, 0.0490874, 477.751);
create_cell(0.711767, 0.908117, 1.10447, 0.0245437, 30205.9);
create_cell(0.711767, 0.957204, 1.10447, 0.0245437, 3937.31);
create_cell(0.711767, 0.908117, 1.15355, 0.0245437, 29603.7);
create_cell(0.760854, 0.908117, 1.15355, 0.0245437, 28963.3);
create_cell(0.711767, 0.957204, 1.15355, 0.0245437, 2610.83);
create_cell(0.760854, 0.957204, 1.15355, 0.0245437, 3082.22);
create_cell(0.490874, 1.07992, 1.07992, 0.0981748, 1176.9);
create_cell(0.613592, 1.05538, 1.00629, 0.0245437, 4102.52);
create_cell(0.613592, 1.00629, 1.05538, 0.0245437, 815.368);
create_cell(0.613592, 1.05538, 1.05538, 0.0245437, 4895.12);
create_cell(0.638136, 1.12901, 1.03084, 0.0490874, 3919.99);
create_cell(0.736311, 1.12901, 1.03084, 0.0490874, 922.497);
create_cell(0.638136, 1.03084, 1.12901, 0.0490874, 535.04);
create_cell(0.736311, 1.03084, 1.12901, 0.0490874, 606.015);
create_cell(0.736311, 1.12901, 1.12901, 0.0490874, 561.02);
create_cell(0.490874, 1.27627, 0.883573, 0.0981748, 1025.77);
create_cell(0.736311, 1.32536, 0.834486, 0.0490874, 522.141);
create_cell(0.638136, 1.22718, 0.93266, 0.0490874, 3371.93);
create_cell(0.736311, 1.22718, 0.93266, 0.0490874, 2801.1);
create_cell(0.490874, 1.47262, 0.883573, 0.0981748, 716.324);
create_cell(0.687223, 1.27627, 1.07992, 0.0981748, 575.266);
create_cell(0.589049, 0.981748, 1.37445, 0.19635, 21765100.0);
create_cell(0.589049, 1.37445, 1.37445, 0.19635, 442.082);
create_cell(0.809942, 0.859029, 0.809942, 0.0245437, 686.014);
create_cell(1.10447, 0.859029, 0.809942, 0.0245437, 544.548);
create_cell(1.10447, 0.859029, 0.859029, 0.0245437, 698.126);
create_cell(1.05538, 0.957204, 0.809942, 0.0245437, 440.87);
create_cell(1.10447, 0.908117, 0.809942, 0.0245437, 748.026);
create_cell(1.10447, 0.908117, 0.859029, 0.0245437, 900.635);
create_cell(1.10447, 0.859029, 0.908117, 0.0245437, 893.853);
create_cell(1.15355, 0.809942, 0.957204, 0.0245437, 666.15);
create_cell(1.10447, 0.859029, 0.957204, 0.0245437, 766.436);
create_cell(1.10447, 0.908117, 0.908117, 0.0245437, 1236.38);
create_cell(1.10447, 0.908117, 0.957204, 0.0245437, 1108.96);
create_cell(0.93266, 1.12901, 0.834486, 0.0490874, 552.602);
create_cell(1.00629, 1.00629, 0.809942, 0.0245437, 491.74);
create_cell(1.05538, 1.00629, 0.809942, 0.0245437, 4354.44);
create_cell(1.00629, 1.05538, 0.809942, 0.0245437, 708.3);
create_cell(1.00629, 1.00629, 0.859029, 0.0245437, 402.597);
create_cell(1.05538, 1.00629, 0.859029, 0.0245437, 4458.12);
create_cell(1.00629, 1.05538, 0.859029, 0.0245437, 483.989);
create_cell(1.00629, 1.10447, 0.809942, 0.0245437, 3842.36);
create_cell(1.00629, 1.10447, 0.859029, 0.0245437, 3615.14);
create_cell(1.00629, 1.15355, 0.859029, 0.0245437, 4313.75);
create_cell(1.05538, 1.15355, 0.859029, 0.0245437, 6272.47);
create_cell(1.10447, 1.15355, 0.809942, 0.0245437, 5675.6);
create_cell(1.15355, 1.15355, 0.809942, 0.0245437, 2745.51);
create_cell(1.10447, 1.15355, 0.859029, 0.0245437, 9393.93);
create_cell(1.15355, 1.15355, 0.859029, 0.0245437, 3982.85);
create_cell(1.05538, 1.00629, 0.908117, 0.0245437, 4431.48);
create_cell(1.05538, 1.00629, 0.957204, 0.0245437, 5617.95);
create_cell(1.00629, 1.05538, 0.957204, 0.0245437, 618.672);
create_cell(1.05538, 1.05538, 0.957204, 0.0245437, 5815.61);
create_cell(1.10447, 1.05538, 0.957204, 0.0245437, 4662.08);
create_cell(1.15355, 1.05538, 0.957204, 0.0245437, 4759.95);
create_cell(1.03084, 1.12901, 0.93266, 0.0490874, 710.359);
create_cell(1.12901, 1.12901, 0.93266, 0.0490874, 856.488);
create_cell(0.809942, 0.908117, 1.15355, 0.0245437, 29019.0);
create_cell(0.809942, 0.957204, 1.15355, 0.0245437, 3379.68);
create_cell(1.15355, 0.809942, 1.00629, 0.0245437, 1092.0);
create_cell(1.10447, 0.859029, 1.00629, 0.0245437, 868.176);
create_cell(1.10447, 0.809942, 1.05538, 0.0245437, 451.044);
create_cell(1.15355, 0.809942, 1.05538, 0.0245437, 1234.92);
create_cell(1.10447, 0.859029, 1.05538, 0.0245437, 967.977);
create_cell(1.10447, 0.908117, 1.00629, 0.0245437, 1209.73);
create_cell(1.10447, 0.908117, 1.05538, 0.0245437, 1393.83);
create_cell(1.10447, 0.957204, 1.05538, 0.0245437, 593.964);
create_cell(1.15355, 0.957204, 1.05538, 0.0245437, 732.039);
create_cell(1.10447, 0.809942, 1.10447, 0.0245437, 592.026);
create_cell(1.15355, 0.809942, 1.10447, 0.0245437, 1504.29);
create_cell(1.10447, 0.859029, 1.10447, 0.0245437, 1065.84);
create_cell(1.10447, 0.809942, 1.15355, 0.0245437, 1529.97);
create_cell(1.15355, 0.809942, 1.15355, 0.0245437, 2722.25);
create_cell(1.10447, 0.859029, 1.15355, 0.0245437, 1970.35);
create_cell(1.15355, 0.859029, 1.15355, 0.0245437, 2588.06);
create_cell(1.52171, 0.93266, 0.834486, 0.0490874, 597.174);
create_cell(1.52171, 0.834486, 0.93266, 0.0490874, 666.938);
create_cell(1.25173, 1.00629, 0.859029, 0.0245437, 461.218);
create_cell(1.22718, 1.12901, 0.834486, 0.0490874, 1060.09);
create_cell(1.32536, 1.12901, 0.834486, 0.0490874, 1222.2);
create_cell(1.22718, 1.03084, 0.93266, 0.0490874, 642.956);
create_cell(1.32536, 1.03084, 0.93266, 0.0490874, 714.113);
create_cell(1.22718, 1.12901, 0.93266, 0.0490874, 611.526);
create_cell(1.32536, 1.12901, 0.93266, 0.0490874, 692.251);
create_cell(1.47262, 1.07992, 0.883573, 0.0981748, 474.557);
create_cell(1.20264, 0.957204, 1.05538, 0.0245437, 826.027);
create_cell(1.25173, 0.957204, 1.05538, 0.0245437, 918.076);
create_cell(1.20264, 0.859029, 1.15355, 0.0245437, 2667.51);
create_cell(1.25173, 0.859029, 1.15355, 0.0245437, 2800.74);
create_cell(1.32536, 0.834486, 1.12901, 0.0490874, 516.993);
create_cell(1.37445, 1.37445, 0.981748, 0.19635, 1054.4);
create_cell(0.834486, 0.93266, 1.22718, 0.0490874, 4157.14);
create_cell(0.834486, 0.834486, 1.32536, 0.0490874, 73389.4);
create_cell(0.834486, 0.93266, 1.32536, 0.0490874, 76037.3);
create_cell(0.883573, 1.07992, 1.27627, 0.0981748, 12288.3);
create_cell(0.883573, 0.883573, 1.47262, 0.0981748, 87062700.0);
create_cell(1.07992, 0.883573, 1.47262, 0.0981748, 437.911);
create_cell(0.883573, 1.07992, 1.47262, 0.0981748, 412.854);
create_cell(1.37445, 0.981748, 1.37445, 0.19635, 1935.77);
create_cell(0.981748, 1.37445, 1.37445, 0.19635, 3011.81);
create_cell(2.03713, 0.220893, 0.171806, 0.0245437, 427.305);
create_cell(2.11076, 0.245437, 0.147262, 0.0490874, 503.61);
create_cell(2.1353, 0.0736311, 0.220893, 0.0245437, 558.113);
create_cell(2.03713, 0.220893, 0.220893, 0.0245437, 565.865);
create_cell(2.03713, 0.220893, 0.269981, 0.0245437, 882.225);
create_cell(2.11076, 0.245437, 0.245437, 0.0490874, 748.995);
create_cell(2.03713, 0.220893, 0.319068, 0.0245437, 1084.25);
create_cell(2.03713, 0.220893, 0.368155, 0.0245437, 1283.37);
create_cell(2.11076, 0.245437, 0.343612, 0.0490874, 1307.29);
create_cell(2.01258, 0.343612, 0.343612, 0.0490874, 484.231);
create_cell(1.93895, 0.417243, 0.171806, 0.0245437, 582.821);
create_cell(1.93895, 0.46633, 0.171806, 0.0245437, 753.84);
create_cell(1.7426, 0.760854, 0.122718, 0.0245437, 530.498);
create_cell(1.7426, 0.760854, 0.171806, 0.0245437, 1009.16);
create_cell(1.93895, 0.46633, 0.220893, 0.0245437, 950.052);
create_cell(1.84078, 0.564505, 0.319068, 0.0245437, 407.442);
create_cell(1.84078, 0.564505, 0.368155, 0.0245437, 589.119);
create_cell(1.7426, 0.760854, 0.220893, 0.0245437, 1161.77);
create_cell(1.86532, 0.687223, 0.294524, 0.0981748, 785.944);
create_cell(1.93895, 0.368155, 0.564505, 0.0245437, 4317.14);
create_cell(1.93895, 0.368155, 0.613592, 0.0245437, 4597.65);
create_cell(1.93895, 0.368155, 0.711767, 0.0245437, 29916.7);
create_cell(1.93895, 0.319068, 0.760854, 0.0245437, 49560.1);
create_cell(2.1353, 0.0736311, 0.417243, 0.0245437, 669.542);
create_cell(2.11076, 0.147262, 0.539961, 0.0490874, 3662.86);
create_cell(2.03713, 0.220893, 0.417243, 0.0245437, 1678.7);
create_cell(2.03713, 0.220893, 0.46633, 0.0245437, 1872.0);
create_cell(2.11076, 0.245437, 0.441786, 0.0490874, 1564.85);
create_cell(2.01258, 0.343612, 0.441786, 0.0490874, 684.258);
create_cell(2.11076, 0.343612, 0.441786, 0.0490874, 523.352);
create_cell(2.11076, 0.245437, 0.539961, 0.0490874, 4691.64);
create_cell(2.01258, 0.343612, 0.539961, 0.0490874, 439.478);
create_cell(2.03713, 0.171806, 0.613592, 0.0245437, 421.007);
create_cell(2.11076, 0.147262, 0.638136, 0.0490874, 2569.77);
create_cell(2.06167, 0.294524, 0.687223, 0.0981748, 1141.35);
create_cell(1.84078, 0.564505, 0.417243, 0.0245437, 888.039);
create_cell(1.91441, 0.539961, 0.441786, 0.0490874, 471.937);
create_cell(1.86532, 0.687223, 0.490874, 0.0981748, 889.016);
create_cell(1.7426, 0.564505, 0.760854, 0.0245437, 8343.6);
create_cell(1.84078, 0.46633, 0.66268, 0.0245437, 5903.79);
create_cell(1.91441, 0.441786, 0.638136, 0.0490874, 927.463);
create_cell(1.91441, 0.539961, 0.638136, 0.0490874, 410.651);
create_cell(1.84078, 0.46633, 0.711767, 0.0245437, 6183.33);
create_cell(1.91441, 0.441786, 0.736311, 0.0490874, 3824.37);
create_cell(1.81623, 0.539961, 0.736311, 0.0490874, 1041.44);
create_cell(1.91441, 0.539961, 0.736311, 0.0490874, 3902.98);
create_cell(1.64443, 0.760854, 0.66268, 0.0245437, 1530.45);
create_cell(1.86532, 0.687223, 0.687223, 0.0981748, 5187.07);
create_cell(2.15984, 0.589049, 0.589049, 0.19635, 638.148);
create_cell(1.71806, 0.834486, 0.245437, 0.0490874, 438.811);
create_cell(1.71806, 0.834486, 0.343612, 0.0490874, 409.985);
create_cell(1.86532, 0.883573, 0.294524, 0.0981748, 860.023);
create_cell(1.76715, 1.37445, 0.589049, 0.19635, 674.256);
create_cell(2.15984, 1.37445, 0.589049, 0.19635, 627.1);
create_cell(1.84078, 0.368155, 0.859029, 0.0245437, 50525.7);
create_cell(1.91441, 0.343612, 0.834486, 0.0490874, 6310.63);
create_cell(1.84078, 0.368155, 0.908117, 0.0245437, 7289.87);
create_cell(1.91441, 0.343612, 0.93266, 0.0490874, 1012.85);
create_cell(1.93895, 0.171806, 1.05538, 0.0245437, 2013.47);
create_cell(1.93895, 0.171806, 1.10447, 0.0245437, 890.462);
create_cell(1.93895, 0.171806, 1.15355, 0.0245437, 858.486);
create_cell(1.93895, 0.269981, 1.00629, 0.0245437, 413.74);
create_cell(1.93895, 0.220893, 1.05538, 0.0245437, 2112.3);
create_cell(1.84078, 0.269981, 1.15355, 0.0245437, 3504.19);
create_cell(1.91441, 0.245437, 1.12901, 0.0490874, 433.422);
create_cell(1.84078, 0.319068, 1.15355, 0.0245437, 3804.57);
create_cell(1.84078, 0.368155, 1.15355, 0.0245437, 5082.12);
create_cell(1.91441, 0.343612, 1.12901, 0.0490874, 1464.86);
create_cell(2.03713, 0.171806, 0.809942, 0.0245437, 578.461);
create_cell(2.03713, 0.122718, 0.859029, 0.0245437, 408.411);
create_cell(2.03713, 0.0736311, 0.957204, 0.0245437, 592.995);
create_cell(2.03713, 0.0736311, 1.00629, 0.0245437, 830.387);
create_cell(1.7426, 0.564505, 0.809942, 0.0245437, 8499.11);
create_cell(1.7426, 0.515418, 0.859029, 0.0245437, 630.784);
create_cell(1.7426, 0.46633, 0.957204, 0.0245437, 59646.9);
create_cell(1.84078, 0.417243, 0.859029, 0.0245437, 51671.5);
create_cell(1.91441, 0.539961, 0.834486, 0.0490874, 3971.83);
create_cell(1.81623, 0.441786, 0.93266, 0.0490874, 7446.23);
create_cell(1.71806, 0.638136, 0.834486, 0.0490874, 1332.66);
create_cell(1.61988, 0.736311, 0.834486, 0.0490874, 531.951);
create_cell(1.71806, 0.736311, 0.834486, 0.0490874, 547.031);
create_cell(1.71806, 0.638136, 0.93266, 0.0490874, 1527.54);
create_cell(1.71806, 0.736311, 0.93266, 0.0490874, 41837.8);
create_cell(1.86532, 0.687223, 0.883573, 0.0981748, 5847.64);
create_cell(1.7426, 0.46633, 1.00629, 0.0245437, 59835.8);
create_cell(1.71806, 0.539961, 1.03084, 0.0490874, 7510.0);
create_cell(1.71806, 0.539961, 1.12901, 0.0490874, 682.804);
create_cell(1.66897, 0.687223, 1.07992, 0.0981748, 7009.51);
create_cell(1.86532, 0.687223, 1.07992, 0.0981748, 564.078);
create_cell(1.93895, 0.171806, 1.20264, 0.0245437, 1072.62);
create_cell(1.7426, 0.368155, 1.25173, 0.0245437, 9555.75);
create_cell(1.7426, 0.368155, 1.30082, 0.0245437, 9695.76);
create_cell(1.7426, 0.319068, 1.3499, 0.0245437, 773.219);
create_cell(1.7426, 0.368155, 1.3499, 0.0245437, 549.392);
create_cell(1.81623, 0.343612, 1.22718, 0.0490874, 1235.35);
create_cell(1.91441, 0.343612, 1.22718, 0.0490874, 970.642);
create_cell(1.91441, 0.245437, 1.32536, 0.0490874, 563.321);
create_cell(1.7426, 0.171806, 1.49717, 0.0245437, 638.051);
create_cell(1.7426, 0.171806, 1.54625, 0.0245437, 1099.75);
create_cell(1.91441, 0.147262, 1.52171, 0.0490874, 417.616);
create_cell(1.61988, 0.343612, 1.52171, 0.0490874, 6009.04);
create_cell(1.71806, 0.343612, 1.52171, 0.0490874, 7077.36);
create_cell(1.86532, 0.294524, 1.47262, 0.0981748, 827.435);
create_cell(1.71806, 0.441786, 1.32536, 0.0490874, 1493.87);
create_cell(1.71806, 0.539961, 1.32536, 0.0490874, 659.004);
create_cell(1.66897, 0.490874, 1.47262, 0.0981748, 5821.55);
create_cell(1.86532, 0.490874, 1.47262, 0.0981748, 4931.44);
create_cell(1.66897, 0.687223, 1.47262, 0.0981748, 12307.8);
create_cell(2.15984, 0.589049, 1.37445, 0.19635, 722.325);
create_cell(1.9635, 1.1781, 1.1781, 0.392699, 473.13);
create_cell(0.245437, 1.71806, 0.147262, 0.0490874, 668.755);
create_cell(0.343612, 1.71806, 0.147262, 0.0490874, 1173.45);
create_cell(0.294524, 1.66897, 0.294524, 0.0981748, 484.662);
create_cell(0.417243, 1.59534, 0.122718, 0.0245437, 649.194);
create_cell(0.417243, 1.64443, 0.122718, 0.0245437, 1788.19);
create_cell(0.417243, 1.59534, 0.171806, 0.0245437, 1088.13);
create_cell(0.417243, 1.64443, 0.171806, 0.0245437, 1945.64);
create_cell(0.417243, 1.7426, 0.122718, 0.0245437, 6779.72);
create_cell(0.46633, 1.7426, 0.122718, 0.0245437, 6932.33);
create_cell(0.417243, 1.7426, 0.171806, 0.0245437, 3171.36);
create_cell(0.46633, 1.7426, 0.171806, 0.0245437, 3323.97);
create_cell(0.539961, 1.71806, 0.147262, 0.0490874, 1339.02);
create_cell(0.638136, 1.71806, 0.147262, 0.0490874, 1453.12);
create_cell(0.736311, 1.71806, 0.147262, 0.0490874, 1551.95);
create_cell(0.417243, 1.59534, 0.220893, 0.0245437, 1244.61);
create_cell(0.417243, 1.64443, 0.220893, 0.0245437, 2630.69);
create_cell(0.417243, 1.59534, 0.269981, 0.0245437, 38962.8);
create_cell(0.417243, 1.64443, 0.269981, 0.0245437, 32715.5);
create_cell(0.46633, 1.64443, 0.269981, 0.0245437, 32693.7);
create_cell(0.515418, 1.64443, 0.269981, 0.0245437, 32841.5);
create_cell(0.564505, 1.64443, 0.269981, 0.0245437, 33032.3);
create_cell(0.539961, 1.71806, 0.245437, 0.0490874, 515.964);
create_cell(0.417243, 1.59534, 0.319068, 0.0245437, 6670.71);
create_cell(0.417243, 1.59534, 0.368155, 0.0245437, 16289.9);
create_cell(0.46633, 1.59534, 0.368155, 0.0245437, 9706.42);
create_cell(0.539961, 1.61988, 0.343612, 0.0490874, 1332.36);
create_cell(0.441786, 1.71806, 0.343612, 0.0490874, 3744.19);
create_cell(0.539961, 1.71806, 0.343612, 0.0490874, 3895.71);
create_cell(0.687223, 1.66897, 0.294524, 0.0981748, 1313.84);
create_cell(0.589049, 1.76715, 0.589049, 0.19635, 10882100.0);
create_cell(0.809942, 1.59534, 0.0736311, 0.0245437, 4425.18);
create_cell(0.809942, 1.64443, 0.0736311, 0.0245437, 6299.6);
create_cell(0.809942, 1.69351, 0.0736311, 0.0245437, 7355.75);
create_cell(0.859029, 1.69351, 0.0736311, 0.0245437, 7401.78);
create_cell(0.809942, 1.7426, 0.0736311, 0.0245437, 1624.44);
create_cell(0.859029, 1.7426, 0.0736311, 0.0245437, 1762.51);
create_cell(0.93266, 1.71806, 0.0490874, 0.0490874, 1173.58);
create_cell(0.809942, 1.64443, 0.171806, 0.0245437, 2487.28);
create_cell(0.859029, 1.64443, 0.171806, 0.0245437, 2397.17);
create_cell(0.908117, 1.64443, 0.171806, 0.0245437, 2531.37);
create_cell(0.957204, 1.64443, 0.171806, 0.0245437, 2664.6);
create_cell(0.834486, 1.71806, 0.147262, 0.0490874, 1663.14);
create_cell(0.93266, 1.71806, 0.147262, 0.0490874, 1765.72);
create_cell(1.03084, 1.71806, 0.0490874, 0.0490874, 1260.78);
create_cell(1.12901, 1.71806, 0.0490874, 0.0490874, 1344.11);
create_cell(1.03084, 1.61988, 0.147262, 0.0490874, 441.9);
create_cell(1.12901, 1.61988, 0.147262, 0.0490874, 679.352);
create_cell(1.03084, 1.71806, 0.147262, 0.0490874, 1852.93);
create_cell(1.12901, 1.71806, 0.147262, 0.0490874, 1936.26);
create_cell(0.883573, 1.86532, 0.0981748, 0.0981748, 451.945);
create_cell(1.07992, 1.86532, 0.0981748, 0.0981748, 541.088);
create_cell(0.809942, 1.59534, 0.269981, 0.0245437, 3248.88);
create_cell(0.859029, 1.59534, 0.269981, 0.0245437, 17486.1);
create_cell(0.93266, 1.61988, 0.245437, 0.0490874, 2287.14);
create_cell(0.834486, 1.61988, 0.343612, 0.0490874, 8988.0);
create_cell(0.93266, 1.61988, 0.343612, 0.0490874, 9278.51);
create_cell(0.834486, 1.71806, 0.343612, 0.0490874, 2687.98);
create_cell(0.93266, 1.71806, 0.343612, 0.0490874, 2790.56);
create_cell(1.07992, 1.66897, 0.294524, 0.0981748, 1975.03);
create_cell(1.07992, 1.86532, 0.294524, 0.0981748, 420.523);
create_cell(1.37445, 1.76715, 0.19635, 0.19635, 512.007);
create_cell(0.981748, 1.76715, 0.589049, 0.19635, 10882500.0);
create_cell(1.37445, 1.76715, 0.589049, 0.19635, 10882900.0);
create_cell(1.1781, 1.9635, 1.1781, 0.392699, 1463.62);
create_cell(1.05538, 0.0736311, 1.59534, 0.0245437, 1126.4);
create_cell(1.00629, 0.0736311, 1.64443, 0.0245437, 564.896);
create_cell(1.10447, 0.0736311, 1.59534, 0.0245437, 1197.62);
create_cell(1.15355, 0.0736311, 1.59534, 0.0245437, 483.02);
create_cell(1.03084, 0.147262, 1.61988, 0.0490874, 868.357);
create_cell(1.10447, 0.122718, 1.59534, 0.0245437, 864.784);
create_cell(1.10447, 0.0736311, 1.7426, 0.0245437, 556.175);
create_cell(1.03084, 0.147262, 1.71806, 0.0490874, 409.864);
create_cell(1.10447, 0.122718, 1.7426, 0.0245437, 820.213);
create_cell(1.10447, 0.171806, 1.7426, 0.0245437, 4568.58);
create_cell(1.15355, 0.171806, 1.7426, 0.0245437, 14766.3);
create_cell(0.883573, 0.294524, 1.66897, 0.0981748, 1794.72);
create_cell(1.00629, 0.220893, 1.59534, 0.0245437, 1847.78);
create_cell(1.05538, 0.220893, 1.59534, 0.0245437, 615.765);
create_cell(1.00629, 0.269981, 1.59534, 0.0245437, 1888.96);
create_cell(1.05538, 0.220893, 1.64443, 0.0245437, 7192.0);
create_cell(1.05538, 0.269981, 1.64443, 0.0245437, 7339.77);
create_cell(1.00629, 0.319068, 1.59534, 0.0245437, 4008.05);
create_cell(1.00629, 0.368155, 1.59534, 0.0245437, 4153.87);
create_cell(1.05538, 0.368155, 1.59534, 0.0245437, 1347.8);
create_cell(1.05538, 0.319068, 1.64443, 0.0245437, 7801.47);
create_cell(1.12901, 0.343612, 1.61988, 0.0490874, 1217.66);
create_cell(1.12901, 0.245437, 1.71806, 0.0490874, 659.247);
create_cell(1.03084, 0.343612, 1.71806, 0.0490874, 14918.3);
create_cell(1.12901, 0.343612, 1.71806, 0.0490874, 15324.7);
create_cell(1.07992, 0.294524, 1.86532, 0.0981748, 510.4);
create_cell(1.30082, 0.171806, 1.64443, 0.0245437, 1099.75);
create_cell(1.20264, 0.171806, 1.7426, 0.0245437, 14966.8);
create_cell(1.49717, 0.0736311, 1.59534, 0.0245437, 450.075);
create_cell(1.49717, 0.122718, 1.59534, 0.0245437, 833.778);
create_cell(1.54625, 0.0245437, 1.7426, 0.0245437, 491.256);
create_cell(1.49717, 0.0736311, 1.7426, 0.0245437, 634.175);
create_cell(1.52171, 0.147262, 1.71806, 0.0490874, 641.685);
create_cell(1.22718, 0.343612, 1.61988, 0.0490874, 1448.7);
create_cell(1.22718, 0.245437, 1.71806, 0.0490874, 2306.09);
create_cell(1.22718, 0.343612, 1.71806, 0.0490874, 17789.9);
create_cell(1.39899, 0.220893, 1.59534, 0.0245437, 452.498);
create_cell(1.39899, 0.269981, 1.59534, 0.0245437, 2685.92);
create_cell(1.39899, 0.220893, 1.64443, 0.0245437, 2102.13);
create_cell(1.44808, 0.220893, 1.64443, 0.0245437, 3726.08);
create_cell(1.39899, 0.269981, 1.64443, 0.0245437, 1223.29);
create_cell(1.44808, 0.269981, 1.64443, 0.0245437, 2625.84);
create_cell(1.49717, 0.220893, 1.64443, 0.0245437, 2494.07);
create_cell(1.54625, 0.220893, 1.64443, 0.0245437, 2716.44);
create_cell(1.42353, 0.343612, 1.61988, 0.0490874, 1161.04);
create_cell(1.52171, 0.343612, 1.61988, 0.0490874, 4177.55);
create_cell(1.52171, 0.245437, 1.71806, 0.0490874, 763.469);
create_cell(1.52171, 0.343612, 1.71806, 0.0490874, 9343.18);
create_cell(1.27627, 0.294524, 1.86532, 0.0981748, 718.958);
create_cell(1.47262, 0.294524, 1.86532, 0.0981748, 563.927);
create_cell(1.37445, 0.589049, 1.76715, 0.19635, 1966.24);
create_cell(0.981748, 0.589049, 2.15984, 0.19635, 596.871);
create_cell(1.37445, 0.589049, 2.15984, 0.19635, 631.753);
create_cell(0.392699, 1.1781, 1.9635, 0.392699, 1360350.0);
create_cell(1.1781, 1.1781, 1.9635, 0.392699, 1361070.0);
create_cell(1.71806, 0.147262, 1.61988, 0.0490874, 1038.65);
create_cell(1.59534, 0.0736311, 1.7426, 0.0245437, 680.2);
create_cell(1.66897, 0.294524, 1.66897, 0.0981748, 946.342);
create_cell(1.86532, 0.294524, 1.66897, 0.0981748, 590.792);
create_cell(1.86532, 0.294524, 1.86532, 0.0981748, 496.1);
create_cell(1.76715, 0.589049, 1.76715, 0.19635, 1162.79);
create_cell(1.76715, 0.589049, 2.15984, 0.19635, 600.747);
create_cell(2.15984, 0.589049, 2.15984, 0.19635, 655.008);
create_cell(1.9635, 1.1781, 1.9635, 0.392699, 1360870.0);
